3.044179e-01 	 1.262324e-02 
2.982891e-01 	 1.261591e-02 
2.921545e-01 	 1.260845e-02 
2.860190e-01 	 1.260001e-02 
2.798773e-01 	 1.259143e-02 
2.737345e-01 	 1.258212e-02 
2.675851e-01 	 1.257269e-02 
2.614345e-01 	 1.256276e-02 
2.552772e-01 	 1.255273e-02 
2.491185e-01 	 1.254242e-02 
2.429528e-01 	 1.253204e-02 
2.367858e-01 	 1.252156e-02 
2.336992e-01 	 1.251630e-02 
2.306116e-01 	 1.251104e-02 
2.275238e-01 	 1.250584e-02 
2.244360e-01 	 1.250065e-02 
2.213453e-01 	 1.249545e-02 
2.182533e-01 	 1.249026e-02 
2.151612e-01 	 1.248524e-02 
2.120691e-01 	 1.248032e-02 
2.089743e-01 	 1.247539e-02 
2.058781e-01 	 1.247046e-02 
2.027819e-01 	 1.246590e-02 
1.996857e-01 	 1.246166e-02 
1.965869e-01 	 1.245742e-02 
1.934869e-01 	 1.245318e-02 
1.903869e-01 	 1.244968e-02 
1.872869e-01 	 1.244697e-02 
1.841846e-01 	 1.244425e-02 
1.810814e-01 	 1.244154e-02 
1.779783e-01 	 1.244018e-02 
1.748752e-01 	 1.244033e-02 
1.717703e-01 	 1.244048e-02 
1.686652e-01 	 1.244063e-02 
1.655602e-01 	 1.244284e-02 
1.624551e-01 	 1.244710e-02 
1.593491e-01 	 1.245136e-02 
1.562437e-01 	 1.245562e-02 
1.531383e-01 	 1.246176e-02 
1.500329e-01 	 1.246910e-02 
1.469274e-01 	 1.247645e-02 
1.438228e-01 	 1.248380e-02 
1.407183e-01 	 1.248959e-02 
1.376138e-01 	 1.249255e-02 
1.345089e-01 	 1.249550e-02 
1.314042e-01 	 1.249846e-02 
1.282996e-01 	 1.249005e-02 
1.251952e-01 	 1.247075e-02 
1.220871e-01 	 1.245148e-02 
1.189761e-01 	 1.243222e-02 
1.158654e-01 	 1.238432e-02 
1.127550e-01 	 1.231649e-02 
1.096320e-01 	 1.224888e-02 
1.064993e-01 	 1.218155e-02 
1.033665e-01 	 1.206508e-02 
1.002326e-01 	 1.192558e-02 
9.706710e-02 	 1.178702e-02 
9.388169e-02 	 1.164972e-02 
9.068943e-02 	 1.145166e-02 
8.748984e-02 	 1.123940e-02 
8.422684e-02 	 1.102925e-02 
8.093132e-02 	 1.082229e-02 
7.761053e-02 	 1.058844e-02 
7.426982e-02 	 1.035985e-02 
7.084254e-02 	 1.013391e-02 
6.737615e-02 	 9.917320e-03 
6.388601e-02 	 9.815951e-03 
6.038510e-02 	 9.719718e-03 
5.688071e-02 	 9.623962e-03 
5.336297e-02 	 9.628579e-03 
4.998623e-02 	 9.984382e-03 
4.675955e-02 	 1.034803e-02 
4.073352e-02 	 1.142372e-02 
3.488168e-02 	 1.325874e-02 
3.160155e-02 	 1.456862e-02 
2.851358e-02 	 1.663486e-02 
2.506321e-02 	 1.836903e-02 
2.133618e-02 	 2.206468e-02 
1.835426e-02 	 2.531316e-02 
1.540307e-02 	 2.900120e-02 
1.353791e-02 	 3.372638e-02 
1.113852e-02 	 3.886113e-02 
1.054907e-02 	 4.203068e-02 
1.025856e-02 	 4.534991e-02 
9.789187e-03 	 5.039732e-02 
9.511027e-03 	 5.578069e-02 
9.825064e-03 	 6.118143e-02 
1.014976e-02 	 6.639242e-02 
1.035462e-02 	 6.981454e-02 
1.062407e-02 	 7.321755e-02 
1.089434e-02 	 7.650415e-02 
1.116925e-02 	 7.974941e-02 
1.136349e-02 	 8.296955e-02 
1.155791e-02 	 8.618275e-02 
1.174805e-02 	 8.932405e-02 
1.193904e-02 	 9.245804e-02 
1.211884e-02 	 9.713880e-02 
1.227784e-02 	 1.017897e-01 
1.244591e-02 	 1.079461e-01 
1.250366e-02 	 1.125614e-01 
1.256123e-02 	 1.171551e-01 
1.259508e-02 	 1.232802e-01 
1.261743e-02 	 1.293943e-01 
1.262544e-02 	 1.355058e-01 
1.262870e-02 	 1.416118e-01 
1.263073e-02 	 1.477163e-01 
1.263223e-02 	 1.538163e-01 
1.263522e-02 	 1.599150e-01 
1.263882e-02 	 1.660087e-01 
1.264369e-02 	 1.721008e-01 
1.264921e-02 	 1.781875e-01 
1.265523e-02 	 1.842724e-01 
1.266168e-02 	 1.903523e-01 
1.266810e-02 	 1.964301e-01 
1.267459e-02 	 2.025034e-01 
1.268087e-02 	 2.085743e-01 
1.268687e-02 	 2.146408e-01 
1.269243e-02 	 2.207051e-01 
1.269757e-02 	 2.267656e-01 
1.270201e-02 	 2.328240e-01 
1.270607e-02 	 2.388798e-01 
1.270965e-02 	 2.449339e-01 
1.271330e-02 	 2.509861e-01 
1.271721e-02 	 2.570366e-01 
1.272291e-02 	 2.630853e-01 
1.272953e-02 	 2.691322e-01 
1.274061e-02 	 2.751777e-01 
1.275282e-02 	 2.812209e-01 
1.276833e-02 	 2.872637e-01 
1.278444e-02 	 2.933059e-01 
1.278878e-02 	 2.993487e-01 
1.279022e-02 	 3.054009e-01 
1.274402e-02 	 3.114568e-01 
1.268451e-02 	 3.175473e-01 
1.253205e-02 	 3.236502e-01 
1.234787e-02 	 3.298307e-01 
1.205949e-02 	 3.360435e-01 
1.189361e-02 	 3.392103e-01 
1.172883e-02 	 3.423857e-01 
1.154678e-02 	 3.455882e-01 
1.137530e-02 	 3.487959e-01 
1.117349e-02 	 3.520701e-01 
1.098301e-02 	 3.553526e-01 
1.089076e-02 	 3.586635e-01 
1.081589e-02 	 3.619962e-01 
1.070681e-02 	 3.653065e-01 
1.069033e-02 	 3.686038e-01 
1.092423e-02 	 3.718885e-01 
1.115980e-02 	 3.751193e-01 
1.176426e-02 	 3.795977e-01 
1.234332e-02 	 3.840809e-01 
1.388177e-02 	 3.895398e-01 
1.502700e-02 	 3.924778e-01 
1.607515e-02 	 3.954356e-01 
1.718576e-02 	 3.985559e-01 
1.899100e-02 	 4.012238e-01 
2.077589e-02 	 4.040243e-01 
2.287820e-02 	 4.070507e-01 
2.460076e-02 	 4.114960e-01 
2.815313e-02 	 4.138979e-01 
3.056072e-02 	 4.166306e-01 
3.281435e-02 	 4.192023e-01 
3.503802e-02 	 4.217189e-01 
3.943583e-02 	 4.240318e-01 
4.362362e-02 	 4.265348e-01 
4.861859e-02 	 4.285933e-01 
5.385120e-02 	 4.306848e-01 
5.969014e-02 	 4.318502e-01 
6.562317e-02 	 4.330297e-01 
6.871868e-02 	 4.332131e-01 
7.181916e-02 	 4.333375e-01 
7.492656e-02 	 4.334452e-01 
7.803314e-02 	 4.335527e-01 
8.114412e-02 	 4.334219e-01 
8.425313e-02 	 4.332230e-01 
8.735606e-02 	 4.330028e-01 
9.045343e-02 	 4.327825e-01 
9.659115e-02 	 4.321352e-01 
1.027110e-01 	 4.314141e-01 
1.088028e-01 	 4.307008e-01 
1.148835e-01 	 4.299646e-01 
1.209588e-01 	 4.293060e-01 
1.269991e-01 	 4.286593e-01 
1.330306e-01 	 4.280846e-01 
1.390176e-01 	 4.275351e-01 
1.449932e-01 	 4.270307e-01 
1.509254e-01 	 4.265508e-01 
1.568441e-01 	 4.260942e-01 
1.627235e-01 	 4.256570e-01 
1.685882e-01 	 4.252326e-01 
1.744181e-01 	 4.248229e-01 
1.802321e-01 	 4.244255e-01 
1.860165e-01 	 4.240416e-01 
1.917845e-01 	 4.236743e-01 
1.975276e-01 	 4.233241e-01 
2.032538e-01 	 4.229978e-01 
2.089608e-01 	 4.226961e-01 
2.146521e-01 	 4.224274e-01 
2.203285e-01 	 4.221941e-01 
2.259925e-01 	 4.220042e-01 
2.316449e-01 	 4.218626e-01 
2.372890e-01 	 4.217769e-01 
2.429248e-01 	 4.217543e-01 
2.485568e-01 	 4.218008e-01 
2.541826e-01 	 4.219234e-01 
2.598058e-01 	 4.221331e-01 
2.654272e-01 	 4.224304e-01 
2.710462e-01 	 4.228329e-01 
2.766663e-01 	 4.233320e-01 
2.822791e-01 	 4.239526e-01 
2.878965e-01 	 4.246762e-01 
2.935006e-01 	 4.255376e-01 
2.991077e-01 	 4.265063e-01 
3.046940e-01 	 4.276213e-01 
3.102820e-01 	 4.288469e-01 
3.158422e-01 	 4.302111e-01 
3.213917e-01 	 4.316881e-01 
3.269130e-01 	 4.332899e-01 
3.324208e-01 	 4.350009e-01 
3.379231e-01 	 4.368004e-01 
3.434181e-01 	 4.387038e-01 
3.489225e-01 	 4.406791e-01 
3.544233e-01 	 4.427422e-01 
3.600930e-01 	 4.448633e-01 
3.631162e-01 	 4.459885e-01 
3.661318e-01 	 4.471443e-01 
3.692601e-01 	 4.483373e-01 
3.723949e-01 	 4.495475e-01 
3.755569e-01 	 4.507808e-01 
3.787428e-01 	 4.520293e-01 
3.819536e-01 	 4.532901e-01 
3.851819e-01 	 4.545523e-01 
3.884229e-01 	 4.558142e-01 
3.916945e-01 	 4.570790e-01 
3.950419e-01 	 4.583364e-01 
3.984555e-01 	 4.595813e-01 
4.019241e-01 	 4.608284e-01 
4.054516e-01 	 4.620720e-01 
4.090396e-01 	 4.632974e-01 
4.126642e-01 	 4.645074e-01 
4.163357e-01 	 4.657055e-01 
4.200627e-01 	 4.668878e-01 
4.238345e-01 	 4.680401e-01 
4.276417e-01 	 4.691501e-01 
4.315084e-01 	 4.702254e-01 
4.354370e-01 	 4.712651e-01 
4.394121e-01 	 4.722473e-01 
4.434388e-01 	 4.731738e-01 
4.475215e-01 	 4.740454e-01 
4.516357e-01 	 4.748483e-01 
4.557959e-01 	 4.755958e-01 
4.599963e-01 	 4.762641e-01 
4.642178e-01 	 4.768256e-01 
4.684715e-01 	 4.773578e-01 
4.727628e-01 	 4.778195e-01 
4.770615e-01 	 4.781136e-01 
4.813762e-01 	 4.783618e-01 
4.857178e-01 	 4.786096e-01 
4.900636e-01 	 4.786488e-01 
4.944087e-01 	 4.786178e-01 
4.987504e-01 	 4.785869e-01 
5.030911e-01 	 4.784431e-01 
5.074225e-01 	 4.781275e-01 
5.117210e-01 	 4.778115e-01 
5.160020e-01 	 4.774180e-01 
5.202702e-01 	 4.768811e-01 
5.244921e-01 	 4.762866e-01 
5.286825e-01 	 4.756426e-01 
5.328472e-01 	 4.749053e-01 
5.369665e-01 	 4.741000e-01 
5.410414e-01 	 4.732361e-01 
5.450801e-01 	 4.723118e-01 
5.490559e-01 	 4.713397e-01 
5.529816e-01 	 4.703128e-01 
5.568573e-01 	 4.692339e-01 
5.606698e-01 	 4.681249e-01 
5.644333e-01 	 4.669840e-01 
5.681626e-01 	 4.658083e-01 
5.718442e-01 	 4.646081e-01 
5.754705e-01 	 4.633956e-01 
5.790505e-01 	 4.621781e-01 
5.825908e-01 	 4.609446e-01 
5.860664e-01 	 4.596937e-01 
5.894772e-01 	 4.584442e-01 
5.928245e-01 	 4.571963e-01 
5.961063e-01 	 4.559379e-01 
5.993506e-01 	 4.546751e-01 
6.025730e-01 	 4.534147e-01 
6.057827e-01 	 4.521554e-01 
6.089744e-01 	 4.509060e-01 
6.121401e-01 	 4.496791e-01 
6.152799e-01 	 4.484637e-01 
6.183754e-01 	 4.472833e-01 
6.214683e-01 	 4.461225e-01 
6.251806e-01 	 4.447197e-01 
6.287503e-01 	 4.433853e-01 
6.329022e-01 	 4.418329e-01 
6.383968e-01 	 4.398114e-01 
6.439000e-01 	 4.378736e-01 
6.493937e-01 	 4.360178e-01 
6.548982e-01 	 4.342720e-01 
6.604108e-01 	 4.326152e-01 
6.659399e-01 	 4.310715e-01 
6.714996e-01 	 4.296572e-01 
6.770681e-01 	 4.283555e-01 
6.826610e-01 	 4.271956e-01 
6.882512e-01 	 4.261458e-01 
6.938620e-01 	 4.252415e-01 
6.994695e-01 	 4.244431e-01 
7.050886e-01 	 4.237788e-01 
7.107037e-01 	 4.232167e-01 
7.163247e-01 	 4.227722e-01 
7.219449e-01 	 4.224220e-01 
7.275675e-01 	 4.221722e-01 
7.331937e-01 	 4.220079e-01 
7.388213e-01 	 4.219246e-01 
7.444546e-01 	 4.219140e-01 
7.500930e-01 	 4.219697e-01 
7.557410e-01 	 4.220835e-01 
7.613974e-01 	 4.222490e-01 
7.670658e-01 	 4.224584e-01 
7.727468e-01 	 4.227085e-01 
7.784438e-01 	 4.229889e-01 
7.841556e-01 	 4.232995e-01 
7.898879e-01 	 4.236293e-01 
7.956351e-01 	 4.239802e-01 
8.014078e-01 	 4.243416e-01 
8.071941e-01 	 4.247157e-01 
8.130103e-01 	 4.250953e-01 
8.188387e-01 	 4.254801e-01 
8.246999e-01 	 4.258681e-01 
8.305717e-01 	 4.262563e-01 
8.364788e-01 	 4.266481e-01 
8.423954e-01 	 4.270391e-01 
8.483486e-01 	 4.274363e-01 
8.543107e-01 	 4.278383e-01 
8.603114e-01 	 4.282511e-01 
8.663201e-01 	 4.286849e-01 
8.723691e-01 	 4.291351e-01 
8.784245e-01 	 4.296365e-01 
8.845171e-01 	 4.301573e-01 
8.906129e-01 	 4.307680e-01 
8.967297e-01 	 4.313918e-01 
9.028516e-01 	 4.321233e-01 
9.059190e-01 	 4.324844e-01 
9.089867e-01 	 4.328437e-01 
9.120738e-01 	 4.332202e-01 
9.151650e-01 	 4.335978e-01 
9.182611e-01 	 4.339724e-01 
9.213659e-01 	 4.342994e-01 
9.244999e-01 	 4.345430e-01 
9.276477e-01 	 4.347871e-01 
9.308023e-01 	 4.350293e-01 
9.339638e-01 	 4.351849e-01 
9.371208e-01 	 4.350864e-01 
9.402830e-01 	 4.349869e-01 
9.434364e-01 	 4.348906e-01 
9.465841e-01 	 4.347151e-01 
9.503207e-01 	 4.339734e-01 
9.540515e-01 	 4.332322e-01 
9.584985e-01 	 4.323605e-01 
9.637471e-01 	 4.302479e-01 
9.687317e-01 	 4.281802e-01 
9.729290e-01 	 4.256715e-01 
9.772475e-01 	 4.233294e-01 
9.803090e-01 	 4.199665e-01 
9.843319e-01 	 4.167987e-01 
9.857153e-01 	 4.136355e-01 
9.888771e-01 	 4.116011e-01 
9.904011e-01 	 4.078010e-01 
9.930781e-01 	 4.046248e-01 
9.946896e-01 	 4.010258e-01 
9.968027e-01 	 3.972077e-01 
9.982378e-01 	 3.926929e-01 
9.997106e-01 	 3.877022e-01 
1.000376e+00 	 3.841793e-01 
1.001028e+00 	 3.805148e-01 
1.001344e+00 	 3.758817e-01 
1.001515e+00 	 3.726573e-01 
1.001688e+00 	 3.693431e-01 
1.001669e+00 	 3.660328e-01 
1.001518e+00 	 3.627152e-01 
1.001404e+00 	 3.593951e-01 
1.001289e+00 	 3.560945e-01 
1.001104e+00 	 3.528229e-01 
1.000900e+00 	 3.495591e-01 
1.000729e+00 	 3.463559e-01 
1.000555e+00 	 3.431603e-01 
1.000402e+00 	 3.399903e-01 
1.000247e+00 	 3.368241e-01 
9.999873e-01 	 3.306021e-01 
9.998287e-01 	 3.244083e-01 
9.997025e-01 	 3.182795e-01 
9.996588e-01 	 3.121614e-01 
9.996284e-01 	 3.060697e-01 
9.996352e-01 	 2.999813e-01 
9.996450e-01 	 2.938985e-01 
9.996603e-01 	 2.878163e-01 
9.996745e-01 	 2.817331e-01 
9.996840e-01 	 2.756498e-01 
9.996914e-01 	 2.695654e-01 
9.996947e-01 	 2.634807e-01 
9.996967e-01 	 2.573958e-01 
9.996971e-01 	 2.513105e-01 
9.996973e-01 	 2.452254e-01 
9.996974e-01 	 2.391399e-01 
9.996980e-01 	 2.330542e-01 
9.996991e-01 	 2.269677e-01 
9.997009e-01 	 2.208805e-01 
9.997031e-01 	 2.147917e-01 
9.997059e-01 	 2.087020e-01 
9.997089e-01 	 2.026099e-01 
9.997123e-01 	 1.965167e-01 
9.997158e-01 	 1.904209e-01 
9.997194e-01 	 1.843239e-01 
9.997227e-01 	 1.782239e-01 
9.997256e-01 	 1.721228e-01 
9.997280e-01 	 1.660183e-01 
9.997294e-01 	 1.599130e-01 
9.997303e-01 	 1.538044e-01 
9.997300e-01 	 1.476949e-01 
9.997303e-01 	 1.415824e-01 
9.997323e-01 	 1.354687e-01 
9.997393e-01 	 1.293508e-01 
9.997611e-01 	 1.232303e-01 
9.997962e-01 	 1.171000e-01 
9.998812e-01 	 1.109638e-01 
9.999883e-01 	 1.048002e-01 
1.000201e+00 	 9.862300e-02 
1.000318e+00 	 9.549892e-02 
1.000435e+00 	 9.237477e-02 
1.000630e+00 	 8.923684e-02 
1.000823e+00 	 8.608883e-02 
1.001022e+00 	 8.286897e-02 
1.001216e+00 	 7.964177e-02 
1.001486e+00 	 7.638851e-02 
1.001751e+00 	 7.309284e-02 
1.002017e+00 	 6.968283e-02 
1.002202e+00 	 6.625658e-02 
1.002388e+00 	 6.278296e-02 
1.002571e+00 	 5.928631e-02 
1.002748e+00 	 5.567871e-02 
1.002598e+00 	 5.211916e-02 
1.002256e+00 	 4.863608e-02 
1.001916e+00 	 4.539146e-02 
1.001583e+00 	 4.215180e-02 
1.001058e+00 	 3.900827e-02 
9.996075e-01 	 3.591119e-02 
9.981974e-01 	 3.283885e-02 
9.966181e-01 	 2.929305e-02 
9.933574e-01 	 2.496614e-02 
9.911719e-01 	 2.205882e-02 
9.882452e-01 	 2.034885e-02 
9.856700e-01 	 1.848825e-02 
9.827154e-01 	 1.672009e-02 
9.797654e-01 	 1.495284e-02 
9.763654e-01 	 1.319851e-02 
9.714800e-01 	 1.131586e-02 
9.654939e-01 	 1.053429e-02 
9.622997e-01 	 1.011210e-02 
9.589504e-01 	 9.700905e-03 
9.554474e-01 	 9.669227e-03 
9.519552e-01 	 9.743336e-03 
9.484530e-01 	 9.817505e-03 
9.449584e-01 	 9.897792e-03 
9.414836e-01 	 1.010859e-02 
9.380480e-01 	 1.032833e-02 
9.346961e-01 	 1.055064e-02 
9.313644e-01 	 1.078020e-02 
9.280584e-01 	 1.098842e-02 
9.247866e-01 	 1.119985e-02 
9.215787e-01 	 1.141345e-02 
9.183785e-01 	 1.161271e-02 
9.151855e-01 	 1.175240e-02 
9.120140e-01 	 1.189338e-02 
9.088742e-01 	 1.203535e-02 
9.057355e-01 	 1.215281e-02 
9.025971e-01 	 1.222182e-02 
8.994693e-01 	 1.229113e-02 
8.963539e-01 	 1.236067e-02 
8.932383e-01 	 1.240859e-02 
8.901222e-01 	 1.242855e-02 
8.870096e-01 	 1.244853e-02 
8.839002e-01 	 1.246853e-02 
8.807908e-01 	 1.247651e-02 
8.776813e-01 	 1.247356e-02 
8.745716e-01 	 1.247062e-02 
8.714620e-01 	 1.246767e-02 
8.683525e-01 	 1.246145e-02 
8.652429e-01 	 1.245374e-02 
8.621323e-01 	 1.244604e-02 
8.590215e-01 	 1.243834e-02 
8.559108e-01 	 1.243186e-02 
8.528001e-01 	 1.242709e-02 
8.496886e-01 	 1.242232e-02 
8.465779e-01 	 1.241755e-02 
8.434672e-01 	 1.241500e-02 
8.403564e-01 	 1.241428e-02 
8.372458e-01 	 1.241357e-02 
8.341367e-01 	 1.241285e-02 
8.310275e-01 	 1.241381e-02 
8.279184e-01 	 1.241596e-02 
8.248100e-01 	 1.241810e-02 
8.217037e-01 	 1.242024e-02 
8.185973e-01 	 1.242330e-02 
8.154910e-01 	 1.242701e-02 
8.123859e-01 	 1.243071e-02 
8.092830e-01 	 1.243442e-02 
8.061802e-01 	 1.243852e-02 
8.030773e-01 	 1.244299e-02 
7.999760e-01 	 1.244746e-02 
7.968770e-01 	 1.245193e-02 
7.937780e-01 	 1.245654e-02 
7.906791e-01 	 1.246139e-02 
7.875817e-01 	 1.246624e-02 
7.844869e-01 	 1.247110e-02 
7.813921e-01 	 1.247598e-02 
7.782972e-01 	 1.248103e-02 
7.752040e-01 	 1.248610e-02 
7.721134e-01 	 1.249115e-02 
7.690228e-01 	 1.249620e-02 
7.659322e-01 	 1.250137e-02 
7.628432e-01 	 1.250654e-02 
7.566705e-01 	 1.251685e-02 
7.528148e-01 	 1.252335e-02 
7.489597e-01 	 1.252985e-02 
7.443352e-01 	 1.253761e-02 
7.381726e-01 	 1.254789e-02 
7.320166e-01 	 1.255809e-02 
7.258622e-01 	 1.256804e-02 
7.197144e-01 	 1.257788e-02 
7.135679e-01 	 1.258726e-02 
7.074277e-01 	 1.259652e-02 
7.012888e-01 	 1.260510e-02 
6.951558e-01 	 1.261353e-02 
6.890240e-01 	 1.262106e-02 
6.828977e-01 	 1.262842e-02 
6.767724e-01 	 1.263467e-02 
6.706521e-01 	 1.264076e-02 
6.645328e-01 	 1.264552e-02 
6.584179e-01 	 1.265014e-02 
6.523039e-01 	 1.265330e-02 
6.461936e-01 	 1.265633e-02 
6.400840e-01 	 1.265784e-02 
6.339776e-01 	 1.265923e-02 
6.278717e-01 	 1.265915e-02 
6.217683e-01 	 1.265895e-02 
6.156653e-01 	 1.265741e-02 
6.095642e-01 	 1.265576e-02 
6.034633e-01 	 1.265295e-02 
5.973638e-01 	 1.265005e-02 
5.912644e-01 	 1.264623e-02 
5.851659e-01 	 1.264233e-02 
5.790676e-01 	 1.263777e-02 
5.729696e-01 	 1.263317e-02 
5.668717e-01 	 1.262818e-02 
5.607740e-01 	 1.262319e-02 
5.546763e-01 	 1.261812e-02 
5.485783e-01 	 1.261306e-02 
5.424804e-01 	 1.260829e-02 
5.363820e-01 	 1.260352e-02 
5.302836e-01 	 1.259941e-02 
5.241846e-01 	 1.259530e-02 
5.180857e-01 	 1.259219e-02 
5.119861e-01 	 1.258909e-02 
5.058866e-01 	 1.258726e-02 
4.997866e-01 	 1.258543e-02 
4.936867e-01 	 1.258504e-02 
4.875865e-01 	 1.258464e-02 
4.814863e-01 	 1.258570e-02 
4.753862e-01 	 1.258675e-02 
4.692861e-01 	 1.258914e-02 
4.631861e-01 	 1.259153e-02 
4.570862e-01 	 1.259502e-02 
4.509866e-01 	 1.259851e-02 
4.448869e-01 	 1.260277e-02 
4.387875e-01 	 1.260704e-02 
4.326880e-01 	 1.261172e-02 
4.265885e-01 	 1.261641e-02 
4.204889e-01 	 1.262115e-02 
4.143891e-01 	 1.262589e-02 
4.082892e-01 	 1.263035e-02 
4.021886e-01 	 1.263479e-02 
3.960879e-01 	 1.263865e-02 
3.899863e-01 	 1.264247e-02 
3.838844e-01 	 1.264543e-02 
3.777812e-01 	 1.264833e-02 
3.716776e-01 	 1.265012e-02 
3.655722e-01 	 1.265184e-02 
3.594663e-01 	 1.265224e-02 
3.533579e-01 	 1.265254e-02 
3.472490e-01 	 1.265137e-02 
3.411369e-01 	 1.265010e-02 
3.350243e-01 	 1.264728e-02 
3.289076e-01 	 1.264436e-02 
3.227903e-01 	 1.263990e-02 
3.166684e-01 	 1.263533e-02 
3.105457e-01 	 1.262935e-02 
3.044179e-01 	 1.262324e-02 
2.982891e-01 	 1.261591e-02 
2.982541e-01 	 1.261264e-02 
2.981308e-01 	 1.261002e-02 
3.519075e-01 	 1.256229e-02 
3.457397e-01 	 1.256221e-02 
3.395722e-01 	 1.256213e-02 
3.334047e-01 	 1.256168e-02 
3.272371e-01 	 1.256124e-02 
3.210696e-01 	 1.256043e-02 
3.149019e-01 	 1.255962e-02 
3.087343e-01 	 1.255853e-02 
3.025663e-01 	 1.255743e-02 
2.963983e-01 	 1.255609e-02 
3.148558e-01 	 1.254912e-02 
3.086871e-01 	 1.254806e-02 
3.025183e-01 	 1.254700e-02 
2.963495e-01 	 1.254573e-02 
3.641838e-01 	 1.253410e-02 
3.580133e-01 	 1.253427e-02 
3.518433e-01 	 1.253444e-02 
3.456733e-01 	 1.253437e-02 
3.395037e-01 	 1.253431e-02 
3.333341e-01 	 1.253398e-02 
3.271648e-01 	 1.253366e-02 
3.209954e-01 	 1.253308e-02 
3.148261e-01 	 1.253250e-02 
3.086569e-01 	 1.253172e-02 
3.024876e-01 	 1.253094e-02 
2.963183e-01 	 1.252999e-02 
3.888641e-01 	 1.251316e-02 
3.826921e-01 	 1.251381e-02 
3.765208e-01 	 1.251447e-02 
3.703494e-01 	 1.251501e-02 
3.641786e-01 	 1.251556e-02 
3.580078e-01 	 1.251595e-02 
3.518374e-01 	 1.251635e-02 
3.456671e-01 	 1.251656e-02 
3.394970e-01 	 1.251678e-02 
3.333270e-01 	 1.251679e-02 
3.271572e-01 	 1.251680e-02 
3.209874e-01 	 1.251661e-02 
3.148177e-01 	 1.251641e-02 
3.086479e-01 	 1.251606e-02 
3.024782e-01 	 1.251571e-02 
2.963084e-01 	 1.251523e-02 
3.148241e-01 	 1.250732e-02 
3.086536e-01 	 1.250728e-02 
3.024831e-01 	 1.250724e-02 
2.963125e-01 	 1.250709e-02 
3.024885e-01 	 1.250325e-02 
2.994022e-01 	 1.250323e-02 
