 x 	 y 	 u 	 v 	 m 
  0.0617 	 0.0370 	 0.0035 	 0.0014 	 37.4554
  0.1235 	 0.0370 	 0.0011 	 -0.0011 	 15.5900
  0.1852 	 0.0370 	 0.0005 	 0.0001 	 5.5294
  0.2469 	 0.0370 	 0.0006 	 0.0000 	 6.1437
  0.3086 	 0.0370 	 0.0004 	 -0.0000 	 3.9091
  0.3704 	 0.0370 	 0.0002 	 -0.0000 	 1.7199
  0.4321 	 0.0370 	 -0.0000 	 -0.0000 	 0.4235
  0.4938 	 0.0370 	 -0.0001 	 -0.0000 	 1.4187
  0.5556 	 0.0370 	 -0.0003 	 -0.0000 	 2.7594
  0.6173 	 0.0370 	 -0.0005 	 -0.0000 	 4.8214
  0.6790 	 0.0370 	 -0.0008 	 0.0000 	 7.7569
  0.7407 	 0.0370 	 -0.0011 	 0.0000 	 10.9746
  0.8025 	 0.0370 	 -0.0013 	 0.0000 	 13.3524
  0.8642 	 0.0370 	 -0.0012 	 0.0001 	 11.5281
  0.9259 	 0.0370 	 -0.0020 	 -0.0012 	 23.3170
  0.0617 	 0.0741 	 0.0008 	 0.0019 	 20.9186
  0.1235 	 0.0741 	 0.0012 	 -0.0009 	 15.2391
  0.1852 	 0.0741 	 0.0017 	 -0.0002 	 16.9113
  0.2469 	 0.0741 	 0.0017 	 0.0000 	 16.9170
  0.3086 	 0.0741 	 0.0013 	 0.0001 	 12.8825
  0.3704 	 0.0741 	 0.0008 	 0.0001 	 8.0195
  0.4321 	 0.0741 	 0.0003 	 0.0001 	 3.4729
  0.4938 	 0.0741 	 -0.0001 	 0.0000 	 0.7087
  0.5556 	 0.0741 	 -0.0005 	 0.0001 	 4.6863
  0.6173 	 0.0741 	 -0.0009 	 0.0002 	 9.6208
  0.6790 	 0.0741 	 -0.0015 	 0.0002 	 15.4511
  0.7407 	 0.0741 	 -0.0021 	 0.0002 	 21.0919
  0.8025 	 0.0741 	 -0.0025 	 0.0000 	 24.6150
  0.8642 	 0.0741 	 -0.0022 	 -0.0003 	 22.2755
  0.9259 	 0.0741 	 -0.0016 	 -0.0011 	 19.1603
  0.0617 	 0.1111 	 0.0003 	 -0.0004 	 5.1010
  0.1235 	 0.1111 	 0.0026 	 -0.0016 	 30.8484
  0.1852 	 0.1111 	 0.0033 	 -0.0005 	 33.6454
  0.2469 	 0.1111 	 0.0032 	 0.0002 	 32.4777
  0.3086 	 0.1111 	 0.0026 	 0.0005 	 25.9755
  0.3704 	 0.1111 	 0.0017 	 0.0005 	 17.3346
  0.4321 	 0.1111 	 0.0008 	 0.0004 	 8.9447
  0.4938 	 0.1111 	 0.0000 	 0.0003 	 3.3137
  0.5556 	 0.1111 	 -0.0007 	 0.0004 	 8.2166
  0.6173 	 0.1111 	 -0.0016 	 0.0006 	 16.9024
  0.6790 	 0.1111 	 -0.0026 	 0.0007 	 26.8024
  0.7407 	 0.1111 	 -0.0035 	 0.0006 	 35.7054
  0.8025 	 0.1111 	 -0.0040 	 0.0001 	 40.4740
  0.8642 	 0.1111 	 -0.0038 	 -0.0008 	 38.3308
  0.9259 	 0.1111 	 -0.0027 	 -0.0019 	 33.1107
  0.0617 	 0.1481 	 0.0017 	 -0.0028 	 33.2478
  0.1235 	 0.1481 	 0.0043 	 -0.0026 	 50.6039
  0.1852 	 0.1481 	 0.0055 	 -0.0010 	 56.2484
  0.2469 	 0.1481 	 0.0055 	 0.0004 	 55.4135
  0.3086 	 0.1481 	 0.0045 	 0.0011 	 45.9593
  0.3704 	 0.1481 	 0.0030 	 0.0012 	 31.9068
  0.4321 	 0.1481 	 0.0015 	 0.0010 	 17.9667
  0.4938 	 0.1481 	 0.0002 	 0.0009 	 9.0855
  0.5556 	 0.1481 	 -0.0011 	 0.0010 	 14.9237
  0.6173 	 0.1481 	 -0.0026 	 0.0013 	 28.6679
  0.6790 	 0.1481 	 -0.0042 	 0.0015 	 44.3967
  0.7407 	 0.1481 	 -0.0056 	 0.0012 	 57.4796
  0.8025 	 0.1481 	 -0.0063 	 0.0002 	 62.7105
  0.8642 	 0.1481 	 -0.0056 	 -0.0014 	 58.2041
  0.9259 	 0.1481 	 -0.0040 	 -0.0030 	 50.1287
  0.0617 	 0.1852 	 0.0027 	 -0.0051 	 57.1664
  0.1235 	 0.1852 	 0.0061 	 -0.0043 	 74.5981
  0.1852 	 0.1852 	 0.0084 	 -0.0018 	 86.1283
  0.2469 	 0.1852 	 0.0089 	 0.0006 	 89.0601
  0.3086 	 0.1852 	 0.0075 	 0.0021 	 77.4071
  0.3704 	 0.1852 	 0.0050 	 0.0024 	 55.9229
  0.4321 	 0.1852 	 0.0026 	 0.0022 	 33.4414
  0.4938 	 0.1852 	 0.0003 	 0.0019 	 19.3168
  0.5556 	 0.1852 	 -0.0018 	 0.0020 	 27.1959
  0.6173 	 0.1852 	 -0.0042 	 0.0025 	 48.6627
  0.6790 	 0.1852 	 -0.0068 	 0.0027 	 72.7326
  0.7407 	 0.1852 	 -0.0088 	 0.0020 	 90.2080
  0.8025 	 0.1852 	 -0.0093 	 0.0000 	 92.8665
  0.8642 	 0.1852 	 -0.0078 	 -0.0025 	 81.8737
  0.9259 	 0.1852 	 -0.0050 	 -0.0047 	 68.9891
  0.0617 	 0.2222 	 0.0031 	 -0.0075 	 81.2810
  0.1235 	 0.2222 	 0.0074 	 -0.0067 	 99.8777
  0.1852 	 0.2222 	 0.0116 	 -0.0037 	 121.2918
  0.2469 	 0.2222 	 0.0135 	 0.0004 	 135.3005
  0.3086 	 0.2222 	 0.0121 	 0.0035 	 125.9376
  0.3704 	 0.2222 	 0.0085 	 0.0045 	 95.9966
  0.4321 	 0.2222 	 0.0044 	 0.0041 	 60.4752
  0.4938 	 0.2222 	 0.0006 	 0.0037 	 37.4400
  0.5556 	 0.2222 	 -0.0031 	 0.0039 	 49.3866
  0.6173 	 0.2222 	 -0.0070 	 0.0045 	 83.2487
  0.6790 	 0.2222 	 -0.0109 	 0.0046 	 118.1383
  0.7407 	 0.2222 	 -0.0134 	 0.0028 	 136.7995
  0.8025 	 0.2222 	 -0.0129 	 -0.0008 	 129.4340
  0.8642 	 0.2222 	 -0.0096 	 -0.0046 	 106.3233
  0.9259 	 0.2222 	 -0.0053 	 -0.0070 	 88.3318
  0.0617 	 0.2593 	 0.0021 	 -0.0095 	 97.7974
  0.1235 	 0.2593 	 0.0070 	 -0.0101 	 122.8393
  0.1852 	 0.2593 	 0.0137 	 -0.0071 	 154.3825
  0.2469 	 0.2593 	 0.0184 	 -0.0009 	 184.0133
  0.3086 	 0.2593 	 0.0183 	 0.0048 	 189.7343
  0.3704 	 0.2593 	 0.0139 	 0.0075 	 158.2184
  0.4321 	 0.2593 	 0.0076 	 0.0074 	 106.3914
  0.4938 	 0.2593 	 0.0011 	 0.0069 	 69.6787
  0.5556 	 0.2593 	 -0.0053 	 0.0071 	 88.5892
  0.6173 	 0.2593 	 -0.0117 	 0.0077 	 140.3069
  0.6790 	 0.2593 	 -0.0169 	 0.0070 	 183.0420
  0.7407 	 0.2593 	 -0.0186 	 0.0031 	 188.4030
  0.8025 	 0.2593 	 -0.0157 	 -0.0029 	 159.9888
  0.8642 	 0.2593 	 -0.0100 	 -0.0081 	 128.2732
  0.9259 	 0.2593 	 -0.0041 	 -0.0099 	 107.3438
  0.0617 	 0.2963 	 0.0000 	 -0.0114 	 114.2674
  0.1235 	 0.2963 	 0.0059 	 -0.0142 	 154.1897
  0.1852 	 0.2963 	 0.0125 	 -0.0113 	 168.5577
  0.2469 	 0.2963 	 0.0189 	 -0.0040 	 192.9712
  0.3086 	 0.2963 	 0.0228 	 0.0047 	 232.3313
  0.3704 	 0.2963 	 0.0201 	 0.0109 	 228.6110
  0.4321 	 0.2963 	 0.0119 	 0.0125 	 172.5540
  0.4938 	 0.2963 	 0.0018 	 0.0122 	 123.3615
  0.5556 	 0.2963 	 -0.0084 	 0.0124 	 149.7239
  0.6173 	 0.2963 	 -0.0176 	 0.0122 	 214.4024
  0.6790 	 0.2963 	 -0.0224 	 0.0088 	 240.7528
  0.7407 	 0.2963 	 -0.0202 	 0.0012 	 201.9135
  0.8025 	 0.2963 	 -0.0139 	 -0.0065 	 153.8757
  0.8642 	 0.2963 	 -0.0083 	 -0.0117 	 143.8113
  0.9259 	 0.2963 	 -0.0031 	 -0.0132 	 135.6478
  0.0617 	 0.3333 	 0.0034 	 -0.0151 	 155.1310
  0.1235 	 0.3333 	 0.0065 	 -0.0161 	 173.9698
  0.1852 	 0.3333 	 0.0061 	 -0.0130 	 143.2912
  0.2469 	 0.3333 	 0.0103 	 -0.0082 	 131.7335
  0.3086 	 0.3333 	 0.0185 	 0.0012 	 185.2720
  0.3704 	 0.3333 	 0.0214 	 0.0125 	 247.7967
  0.4321 	 0.3333 	 0.0146 	 0.0185 	 235.4012
  0.4938 	 0.3333 	 0.0023 	 0.0196 	 197.3447
  0.5556 	 0.3333 	 -0.0106 	 0.0194 	 221.3378
  0.6173 	 0.3333 	 -0.0200 	 0.0167 	 260.5595
  0.6790 	 0.3333 	 -0.0206 	 0.0078 	 220.0838
  0.7407 	 0.3333 	 -0.0128 	 -0.0036 	 133.1103
  0.8025 	 0.3333 	 -0.0054 	 -0.0101 	 114.1316
  0.8642 	 0.3333 	 -0.0044 	 -0.0124 	 131.6584
  0.9259 	 0.3333 	 -0.0058 	 -0.0146 	 157.0746
  0.0617 	 0.3704 	 0.0077 	 -0.0185 	 200.5074
  0.1235 	 0.3704 	 0.0050 	 -0.0132 	 140.9139
  0.1852 	 0.3704 	 -0.0021 	 -0.0109 	 110.5996
  0.2469 	 0.3704 	 -0.0015 	 -0.0114 	 114.5735
  0.3086 	 0.3704 	 0.0058 	 -0.0042 	 71.5558
  0.3704 	 0.3704 	 0.0133 	 0.0107 	 170.1987
  0.4321 	 0.3704 	 0.0118 	 0.0229 	 257.7716
  0.4938 	 0.3704 	 0.0020 	 0.0270 	 271.0898
  0.5556 	 0.3704 	 -0.0091 	 0.0260 	 275.4346
  0.6173 	 0.3704 	 -0.0141 	 0.0185 	 232.5215
  0.6790 	 0.3704 	 -0.0091 	 0.0036 	 97.6050
  0.7407 	 0.3704 	 -0.0007 	 -0.0088 	 88.2589
  0.8025 	 0.3704 	 0.0037 	 -0.0120 	 125.9799
  0.8642 	 0.3704 	 0.0010 	 -0.0094 	 94.9278
  0.9259 	 0.3704 	 -0.0071 	 -0.0114 	 134.8655
  0.0617 	 0.4074 	 0.0028 	 -0.0204 	 205.5796
  0.1235 	 0.4074 	 0.0003 	 -0.0089 	 88.9341
  0.1852 	 0.4074 	 -0.0071 	 -0.0076 	 103.9226
  0.2469 	 0.4074 	 -0.0083 	 -0.0121 	 146.9583
  0.3086 	 0.4074 	 -0.0069 	 -0.0077 	 102.8618
  0.3704 	 0.4074 	 0.0008 	 0.0060 	 60.9421
  0.4321 	 0.4074 	 0.0046 	 0.0240 	 244.0881
  0.4938 	 0.4074 	 0.0009 	 0.0315 	 315.6302
  0.5556 	 0.4074 	 -0.0040 	 0.0295 	 297.9514
  0.6173 	 0.4074 	 -0.0033 	 0.0168 	 171.3580
  0.6790 	 0.4074 	 0.0046 	 -0.0014 	 48.3378
  0.7407 	 0.4074 	 0.0079 	 -0.0105 	 131.8172
  0.8025 	 0.4074 	 0.0075 	 -0.0124 	 144.8767
  0.8642 	 0.4074 	 0.0050 	 -0.0058 	 76.5215
  0.9259 	 0.4074 	 -0.0030 	 -0.0070 	 76.6571
  0.0617 	 0.4444 	 -0.0063 	 -0.0203 	 212.6555
  0.1235 	 0.4444 	 -0.0094 	 -0.0073 	 118.6592
  0.1852 	 0.4444 	 -0.0081 	 -0.0068 	 105.5768
  0.2469 	 0.4444 	 -0.0105 	 -0.0106 	 148.9916
  0.3086 	 0.4444 	 -0.0136 	 -0.0074 	 155.2076
  0.3704 	 0.4444 	 -0.0111 	 0.0007 	 111.1096
  0.4321 	 0.4444 	 -0.0033 	 0.0216 	 218.8256
  0.4938 	 0.4444 	 -0.0003 	 0.0319 	 318.7197
  0.5556 	 0.4444 	 0.0017 	 0.0291 	 291.3318
  0.6173 	 0.4444 	 0.0079 	 0.0126 	 148.7241
  0.6790 	 0.4444 	 0.0138 	 -0.0037 	 143.1901
  0.7407 	 0.4444 	 0.0118 	 -0.0093 	 150.1975
  0.8025 	 0.4444 	 0.0075 	 -0.0106 	 130.1546
  0.8642 	 0.4444 	 0.0067 	 -0.0050 	 83.6810
  0.9259 	 0.4444 	 0.0078 	 -0.0058 	 97.3529
  0.0617 	 0.4815 	 -0.0052 	 -0.0149 	 158.1577
  0.1235 	 0.4815 	 -0.0082 	 -0.0081 	 115.3752
  0.1852 	 0.4815 	 -0.0067 	 -0.0072 	 98.1544
  0.2469 	 0.4815 	 -0.0095 	 -0.0080 	 123.8813
  0.3086 	 0.4815 	 -0.0130 	 -0.0054 	 140.3314
  0.3704 	 0.4815 	 -0.0154 	 0.0015 	 154.7574
  0.4321 	 0.4815 	 -0.0123 	 0.0148 	 192.3841
  0.4938 	 0.4815 	 -0.0015 	 0.0286 	 286.7288
  0.5556 	 0.4815 	 0.0079 	 0.0244 	 256.4441
  0.6173 	 0.4815 	 0.0161 	 0.0076 	 178.1373
  0.6790 	 0.4815 	 0.0139 	 -0.0023 	 140.4450
  0.7407 	 0.4815 	 0.0107 	 -0.0069 	 127.2678
  0.8025 	 0.4815 	 0.0069 	 -0.0080 	 106.1106
  0.8642 	 0.4815 	 0.0055 	 -0.0062 	 83.0552
  0.9259 	 0.4815 	 0.0081 	 -0.0071 	 107.5425
  0.0617 	 0.5185 	 -0.0034 	 -0.0116 	 120.5491
  0.1235 	 0.5185 	 -0.0058 	 -0.0079 	 97.9552
  0.1852 	 0.5185 	 -0.0063 	 -0.0067 	 91.9825
  0.2469 	 0.5185 	 -0.0083 	 -0.0062 	 104.2660
  0.3086 	 0.5185 	 -0.0110 	 -0.0037 	 116.3266
  0.3704 	 0.5185 	 -0.0129 	 0.0021 	 130.5918
  0.4321 	 0.5185 	 -0.0107 	 0.0123 	 163.4741
  0.4938 	 0.5185 	 -0.0021 	 0.0213 	 214.2946
  0.5556 	 0.5185 	 0.0081 	 0.0183 	 200.2427
  0.6173 	 0.5185 	 0.0128 	 0.0073 	 147.7623
  0.6790 	 0.5185 	 0.0118 	 -0.0009 	 118.5129
  0.7407 	 0.5185 	 0.0092 	 -0.0050 	 105.0489
  0.8025 	 0.5185 	 0.0065 	 -0.0064 	 91.6947
  0.8642 	 0.5185 	 0.0052 	 -0.0062 	 80.7989
  0.9259 	 0.5185 	 0.0054 	 -0.0072 	 89.6532
  0.0617 	 0.5556 	 -0.0024 	 -0.0092 	 94.9220
  0.1235 	 0.5556 	 -0.0045 	 -0.0072 	 84.6483
  0.1852 	 0.5556 	 -0.0056 	 -0.0060 	 81.8789
  0.2469 	 0.5556 	 -0.0073 	 -0.0050 	 88.2700
  0.3086 	 0.5556 	 -0.0092 	 -0.0025 	 95.4266
  0.3704 	 0.5556 	 -0.0102 	 0.0024 	 105.2374
  0.4321 	 0.5556 	 -0.0083 	 0.0099 	 129.0629
  0.4938 	 0.5556 	 -0.0015 	 0.0158 	 158.6369
  0.5556 	 0.5556 	 0.0064 	 0.0138 	 152.7039
  0.6173 	 0.5556 	 0.0100 	 0.0064 	 119.2460
  0.6790 	 0.5556 	 0.0097 	 -0.0000 	 97.3022
  0.7407 	 0.5556 	 0.0079 	 -0.0037 	 87.5895
  0.8025 	 0.5556 	 0.0060 	 -0.0052 	 79.4264
  0.8642 	 0.5556 	 0.0047 	 -0.0057 	 73.6905
  0.9259 	 0.5556 	 0.0039 	 -0.0067 	 77.8162
  0.0617 	 0.5926 	 -0.0017 	 -0.0075 	 76.3901
  0.1235 	 0.5926 	 -0.0036 	 -0.0063 	 72.5047
  0.1852 	 0.5926 	 -0.0048 	 -0.0052 	 70.9030
  0.2469 	 0.5926 	 -0.0062 	 -0.0040 	 74.0034
  0.3086 	 0.5926 	 -0.0076 	 -0.0017 	 78.0426
  0.3704 	 0.5926 	 -0.0081 	 0.0024 	 84.6626
  0.4321 	 0.5926 	 -0.0062 	 0.0078 	 100.0476
  0.4938 	 0.5926 	 -0.0011 	 0.0117 	 117.8368
  0.5556 	 0.5926 	 0.0048 	 0.0105 	 115.2742
  0.6173 	 0.5926 	 0.0078 	 0.0054 	 95.2908
  0.6790 	 0.5926 	 0.0080 	 0.0005 	 80.0400
  0.7407 	 0.5926 	 0.0068 	 -0.0027 	 72.9174
  0.8025 	 0.5926 	 0.0053 	 -0.0043 	 68.0669
  0.8642 	 0.5926 	 0.0041 	 -0.0051 	 65.0966
  0.9259 	 0.5926 	 0.0030 	 -0.0060 	 67.3486
  0.0617 	 0.6296 	 -0.0012 	 -0.0061 	 62.3741
  0.1235 	 0.6296 	 -0.0029 	 -0.0054 	 61.5919
  0.1852 	 0.6296 	 -0.0041 	 -0.0044 	 60.7136
  0.2469 	 0.6296 	 -0.0053 	 -0.0032 	 62.2053
  0.3086 	 0.6296 	 -0.0063 	 -0.0011 	 63.9534
  0.3704 	 0.6296 	 -0.0064 	 0.0022 	 67.1944
  0.4321 	 0.6296 	 -0.0046 	 0.0062 	 76.9759
  0.4938 	 0.6296 	 -0.0008 	 0.0088 	 88.3717
  0.5556 	 0.6296 	 0.0035 	 0.0080 	 87.3146
  0.6173 	 0.6296 	 0.0060 	 0.0045 	 75.1484
  0.6790 	 0.6296 	 0.0065 	 0.0007 	 65.5668
  0.7407 	 0.6296 	 0.0058 	 -0.0020 	 61.2488
  0.8025 	 0.6296 	 0.0047 	 -0.0035 	 58.3623
  0.8642 	 0.6296 	 0.0036 	 -0.0044 	 56.6400
  0.9259 	 0.6296 	 0.0024 	 -0.0052 	 57.8303
  0.0617 	 0.6667 	 -0.0010 	 -0.0050 	 51.2812
  0.1235 	 0.6667 	 -0.0024 	 -0.0046 	 51.8023
  0.1852 	 0.6667 	 -0.0035 	 -0.0037 	 51.1737
  0.2469 	 0.6667 	 -0.0044 	 -0.0026 	 51.3723
  0.3086 	 0.6667 	 -0.0051 	 -0.0008 	 51.3381
  0.3704 	 0.6667 	 -0.0049 	 0.0019 	 52.7819
  0.4321 	 0.6667 	 -0.0034 	 0.0048 	 59.2644
  0.4938 	 0.6667 	 -0.0005 	 0.0067 	 66.7466
  0.5556 	 0.6667 	 0.0026 	 0.0061 	 66.4958
  0.6173 	 0.6667 	 0.0047 	 0.0036 	 59.0167
  0.6790 	 0.6667 	 0.0052 	 0.0007 	 52.8344
  0.7407 	 0.6667 	 0.0048 	 -0.0015 	 50.5221
  0.8025 	 0.6667 	 0.0040 	 -0.0029 	 49.2951
  0.8642 	 0.6667 	 0.0031 	 -0.0038 	 48.5277
  0.9259 	 0.6667 	 0.0020 	 -0.0045 	 49.1916
  0.0617 	 0.7037 	 -0.0008 	 -0.0042 	 42.2200
  0.1235 	 0.7037 	 -0.0020 	 -0.0039 	 43.3484
  0.1852 	 0.7037 	 -0.0030 	 -0.0031 	 43.1211
  0.2469 	 0.7037 	 -0.0038 	 -0.0021 	 43.0691
  0.3086 	 0.7037 	 -0.0042 	 -0.0006 	 42.4814
  0.3704 	 0.7037 	 -0.0040 	 0.0015 	 42.4396
  0.4321 	 0.7037 	 -0.0027 	 0.0037 	 45.9349
  0.4938 	 0.7037 	 -0.0004 	 0.0051 	 50.8381
  0.5556 	 0.7037 	 0.0020 	 0.0047 	 51.1098
  0.6173 	 0.7037 	 0.0037 	 0.0029 	 47.0357
  0.6790 	 0.7037 	 0.0043 	 0.0006 	 43.8878
  0.7407 	 0.7037 	 0.0041 	 -0.0012 	 42.8057
  0.8025 	 0.7037 	 0.0035 	 -0.0024 	 42.0471
  0.8642 	 0.7037 	 0.0026 	 -0.0032 	 41.4011
  0.9259 	 0.7037 	 0.0017 	 -0.0038 	 41.5512
  0.0617 	 0.7407 	 -0.0006 	 -0.0034 	 34.6264
  0.1235 	 0.7407 	 -0.0017 	 -0.0032 	 35.9282
  0.1852 	 0.7407 	 -0.0025 	 -0.0026 	 35.8902
  0.2469 	 0.7407 	 -0.0031 	 -0.0017 	 35.4606
  0.3086 	 0.7407 	 -0.0034 	 -0.0004 	 33.9789
  0.3704 	 0.7407 	 -0.0030 	 0.0012 	 32.8408
  0.4321 	 0.7407 	 -0.0020 	 0.0029 	 35.1507
  0.4938 	 0.7407 	 -0.0003 	 0.0039 	 38.9317
  0.5556 	 0.7407 	 0.0016 	 0.0036 	 39.2555
  0.6173 	 0.7407 	 0.0029 	 0.0023 	 36.6036
  0.6790 	 0.7407 	 0.0035 	 0.0005 	 35.1287
  0.7407 	 0.7407 	 0.0034 	 -0.0009 	 35.3689
  0.8025 	 0.7407 	 0.0030 	 -0.0019 	 35.3834
  0.8642 	 0.7407 	 0.0023 	 -0.0027 	 34.9482
  0.9259 	 0.7407 	 0.0014 	 -0.0032 	 34.7703
  0.0617 	 0.7778 	 -0.0005 	 -0.0028 	 28.1192
  0.1235 	 0.7778 	 -0.0014 	 -0.0026 	 29.5664
  0.1852 	 0.7778 	 -0.0021 	 -0.0021 	 29.9375
  0.2469 	 0.7778 	 -0.0026 	 -0.0014 	 29.7387
  0.3086 	 0.7778 	 -0.0028 	 -0.0004 	 28.4112
  0.3704 	 0.7778 	 -0.0025 	 0.0009 	 26.8488
  0.4321 	 0.7778 	 -0.0016 	 0.0022 	 27.4622
  0.4938 	 0.7778 	 -0.0002 	 0.0030 	 29.7471
  0.5556 	 0.7778 	 0.0013 	 0.0028 	 30.4475
  0.6173 	 0.7778 	 0.0024 	 0.0017 	 29.6809
  0.6790 	 0.7778 	 0.0029 	 0.0004 	 29.6797
  0.7407 	 0.7778 	 0.0029 	 -0.0007 	 30.2364
  0.8025 	 0.7778 	 0.0026 	 -0.0016 	 30.1509
  0.8642 	 0.7778 	 0.0020 	 -0.0022 	 29.4345
  0.9259 	 0.7778 	 0.0012 	 -0.0026 	 28.8077
  0.0617 	 0.8148 	 -0.0004 	 -0.0022 	 22.4677
  0.1235 	 0.8148 	 -0.0012 	 -0.0021 	 24.0385
  0.1852 	 0.8148 	 -0.0018 	 -0.0017 	 24.8518
  0.2469 	 0.8148 	 -0.0022 	 -0.0011 	 25.0015
  0.3086 	 0.8148 	 -0.0023 	 -0.0003 	 23.6484
  0.3704 	 0.8148 	 -0.0020 	 0.0007 	 21.4361
  0.4321 	 0.8148 	 -0.0012 	 0.0017 	 21.0700
  0.4938 	 0.8148 	 -0.0001 	 0.0023 	 22.7774
  0.5556 	 0.8148 	 0.0010 	 0.0021 	 23.5347
  0.6173 	 0.8148 	 0.0020 	 0.0013 	 23.6375
  0.6790 	 0.8148 	 0.0025 	 0.0003 	 24.7313
  0.7407 	 0.8148 	 0.0025 	 -0.0006 	 25.8543
  0.8025 	 0.8148 	 0.0022 	 -0.0013 	 25.7366
  0.8642 	 0.8148 	 0.0017 	 -0.0018 	 24.6669
  0.9259 	 0.8148 	 0.0011 	 -0.0021 	 23.5511
  0.0617 	 0.8519 	 -0.0004 	 -0.0017 	 17.4389
  0.1235 	 0.8519 	 -0.0010 	 -0.0016 	 19.2068
  0.1852 	 0.8519 	 -0.0016 	 -0.0013 	 20.5484
  0.2469 	 0.8519 	 -0.0019 	 -0.0009 	 21.0685
  0.3086 	 0.8519 	 -0.0020 	 -0.0003 	 19.9507
  0.3704 	 0.8519 	 -0.0017 	 0.0005 	 17.6201
  0.4321 	 0.8519 	 -0.0010 	 0.0013 	 16.2656
  0.4938 	 0.8519 	 -0.0001 	 0.0017 	 16.9828
  0.5556 	 0.8519 	 0.0009 	 0.0016 	 18.0622
  0.6173 	 0.8519 	 0.0017 	 0.0010 	 19.3261
  0.6790 	 0.8519 	 0.0021 	 0.0002 	 21.1543
  0.7407 	 0.8519 	 0.0022 	 -0.0005 	 22.3424
  0.8025 	 0.8519 	 0.0020 	 -0.0010 	 22.0262
  0.8642 	 0.8519 	 0.0015 	 -0.0014 	 20.5355
  0.9259 	 0.8519 	 0.0009 	 -0.0016 	 18.8678
  0.0617 	 0.8889 	 -0.0003 	 -0.0012 	 12.9374
  0.1235 	 0.8889 	 -0.0009 	 -0.0012 	 15.1076
  0.1852 	 0.8889 	 -0.0014 	 -0.0010 	 17.2382
  0.2469 	 0.8889 	 -0.0017 	 -0.0007 	 18.6622
  0.3086 	 0.8889 	 -0.0018 	 -0.0002 	 18.3092
  0.3704 	 0.8889 	 -0.0016 	 0.0003 	 15.8800
  0.4321 	 0.8889 	 -0.0009 	 0.0009 	 12.9324
  0.4938 	 0.8889 	 -0.0001 	 0.0012 	 12.2330
  0.5556 	 0.8889 	 0.0008 	 0.0011 	 13.9888
  0.6173 	 0.8889 	 0.0016 	 0.0007 	 16.9373
  0.6790 	 0.8889 	 0.0020 	 0.0001 	 19.6012
  0.7407 	 0.8889 	 0.0020 	 -0.0004 	 20.5524
  0.8025 	 0.8889 	 0.0018 	 -0.0007 	 19.5258
  0.8642 	 0.8889 	 0.0014 	 -0.0010 	 17.2492
  0.9259 	 0.8889 	 0.0009 	 -0.0012 	 14.7954
  0.0617 	 0.9259 	 -0.0003 	 -0.0008 	 8.8204
  0.1235 	 0.9259 	 -0.0008 	 -0.0008 	 11.5108
  0.1852 	 0.9259 	 -0.0013 	 -0.0006 	 14.3593
  0.2469 	 0.9259 	 -0.0016 	 -0.0005 	 16.2883
  0.3086 	 0.9259 	 -0.0016 	 -0.0002 	 16.2767
  0.3704 	 0.9259 	 -0.0014 	 0.0002 	 13.8775
  0.4321 	 0.9259 	 -0.0008 	 0.0006 	 9.9807
  0.4938 	 0.9259 	 -0.0001 	 0.0008 	 7.8443
  0.5556 	 0.9259 	 0.0008 	 0.0007 	 10.4301
  0.6173 	 0.9259 	 0.0014 	 0.0004 	 14.6383
  0.6790 	 0.9259 	 0.0018 	 0.0000 	 17.6806
  0.7407 	 0.9259 	 0.0018 	 -0.0003 	 18.4984
  0.8025 	 0.9259 	 0.0016 	 -0.0005 	 17.1754
  0.8642 	 0.9259 	 0.0013 	 -0.0007 	 14.4146
  0.9259 	 0.9259 	 0.0008 	 -0.0008 	 11.2135
  0.0617 	 0.9630 	 -0.0003 	 -0.0004 	 5.1796
  0.1235 	 0.9630 	 -0.0008 	 -0.0004 	 8.8451
  0.1852 	 0.9630 	 -0.0012 	 -0.0003 	 12.5311
  0.2469 	 0.9630 	 -0.0015 	 -0.0002 	 15.3487
  0.3086 	 0.9630 	 -0.0016 	 -0.0001 	 16.4423
  0.3704 	 0.9630 	 -0.0015 	 0.0001 	 14.6939
  0.4321 	 0.9630 	 -0.0009 	 0.0002 	 9.5008
  0.4938 	 0.9630 	 -0.0001 	 0.0003 	 3.4145
  0.5556 	 0.9630 	 0.0008 	 0.0003 	 8.7928
  0.6173 	 0.9630 	 0.0015 	 0.0002 	 15.1359
  0.6790 	 0.9630 	 0.0018 	 -0.0000 	 18.2285
  0.7407 	 0.9630 	 0.0018 	 -0.0001 	 18.1701
  0.8025 	 0.9630 	 0.0016 	 -0.0003 	 15.9752
  0.8642 	 0.9630 	 0.0012 	 -0.0003 	 12.5358
  0.9259 	 0.9630 	 0.0007 	 -0.0004 	 8.4736
 