 x 	 y 	 u 	 v 	 m 
  0.0617 	 0.0370 	 0.0088 	 0.0034 	 94.5130
  0.1235 	 0.0370 	 0.0012 	 -0.0010 	 15.2096
  0.1852 	 0.0370 	 0.0015 	 0.0002 	 15.5452
  0.2469 	 0.0370 	 0.0015 	 0.0002 	 15.0157
  0.3086 	 0.0370 	 0.0011 	 0.0003 	 11.6568
  0.3704 	 0.0370 	 0.0006 	 0.0003 	 6.8353
  0.4321 	 0.0370 	 0.0002 	 0.0002 	 2.9667
  0.4938 	 0.0370 	 -0.0001 	 0.0002 	 1.7278
  0.5556 	 0.0370 	 -0.0003 	 0.0002 	 3.8799
  0.6173 	 0.0370 	 -0.0007 	 0.0003 	 7.8547
  0.6790 	 0.0370 	 -0.0013 	 0.0003 	 13.1672
  0.7407 	 0.0370 	 -0.0018 	 0.0003 	 18.1542
  0.8025 	 0.0370 	 -0.0020 	 0.0001 	 20.3693
  0.8642 	 0.0370 	 -0.0018 	 0.0001 	 18.3731
  0.9259 	 0.0370 	 -0.0020 	 -0.0011 	 22.6160
  0.0617 	 0.0741 	 -0.0001 	 0.0037 	 36.8151
  0.1235 	 0.0741 	 0.0013 	 -0.0010 	 16.1496
  0.1852 	 0.0741 	 0.0021 	 0.0000 	 21.4394
  0.2469 	 0.0741 	 0.0022 	 0.0004 	 22.2916
  0.3086 	 0.0741 	 0.0018 	 0.0007 	 19.2983
  0.3704 	 0.0741 	 0.0012 	 0.0008 	 13.9157
  0.4321 	 0.0741 	 0.0005 	 0.0006 	 8.3410
  0.4938 	 0.0741 	 -0.0000 	 0.0005 	 5.4597
  0.5556 	 0.0741 	 -0.0006 	 0.0006 	 8.0914
  0.6173 	 0.0741 	 -0.0012 	 0.0007 	 13.9763
  0.6790 	 0.0741 	 -0.0019 	 0.0008 	 20.6248
  0.7407 	 0.0741 	 -0.0025 	 0.0007 	 25.6427
  0.8025 	 0.0741 	 -0.0027 	 0.0003 	 27.0502
  0.8642 	 0.0741 	 -0.0024 	 -0.0002 	 23.5918
  0.9259 	 0.0741 	 -0.0013 	 -0.0012 	 17.2512
  0.0617 	 0.1111 	 0.0008 	 -0.0004 	 9.3464
  0.1235 	 0.1111 	 0.0022 	 -0.0013 	 25.5152
  0.1852 	 0.1111 	 0.0030 	 -0.0002 	 29.9612
  0.2469 	 0.1111 	 0.0031 	 0.0006 	 32.0138
  0.3086 	 0.1111 	 0.0027 	 0.0012 	 29.4734
  0.3704 	 0.1111 	 0.0019 	 0.0014 	 23.2807
  0.4321 	 0.1111 	 0.0009 	 0.0013 	 15.6963
  0.4938 	 0.1111 	 0.0001 	 0.0011 	 11.2456
  0.5556 	 0.1111 	 -0.0008 	 0.0012 	 14.4323
  0.6173 	 0.1111 	 -0.0018 	 0.0014 	 22.4670
  0.6790 	 0.1111 	 -0.0027 	 0.0014 	 30.6778
  0.7407 	 0.1111 	 -0.0034 	 0.0011 	 35.7124
  0.8025 	 0.1111 	 -0.0036 	 0.0004 	 36.0003
  0.8642 	 0.1111 	 -0.0031 	 -0.0005 	 31.3867
  0.9259 	 0.1111 	 -0.0021 	 -0.0015 	 26.3053
  0.0617 	 0.1481 	 0.0015 	 -0.0019 	 24.6357
  0.1235 	 0.1481 	 0.0030 	 -0.0018 	 35.2086
  0.1852 	 0.1481 	 0.0041 	 -0.0005 	 41.4085
  0.2469 	 0.1481 	 0.0044 	 0.0008 	 45.0150
  0.3086 	 0.1481 	 0.0039 	 0.0018 	 43.0606
  0.3704 	 0.1481 	 0.0028 	 0.0022 	 35.7812
  0.4321 	 0.1481 	 0.0015 	 0.0021 	 25.8048
  0.4938 	 0.1481 	 0.0002 	 0.0019 	 19.5379
  0.5556 	 0.1481 	 -0.0012 	 0.0020 	 23.4690
  0.6173 	 0.1481 	 -0.0026 	 0.0022 	 34.0645
  0.6790 	 0.1481 	 -0.0038 	 0.0022 	 44.1097
  0.7407 	 0.1481 	 -0.0047 	 0.0015 	 49.1025
  0.8025 	 0.1481 	 -0.0048 	 0.0004 	 47.8085
  0.8642 	 0.1481 	 -0.0040 	 -0.0009 	 41.4040
  0.9259 	 0.1481 	 -0.0027 	 -0.0021 	 34.5553
  0.0617 	 0.1852 	 0.0018 	 -0.0032 	 36.8349
  0.1235 	 0.1852 	 0.0040 	 -0.0027 	 48.1844
  0.1852 	 0.1852 	 0.0056 	 -0.0011 	 56.6871
  0.2469 	 0.1852 	 0.0062 	 0.0008 	 62.5386
  0.3086 	 0.1852 	 0.0057 	 0.0024 	 61.6324
  0.3704 	 0.1852 	 0.0042 	 0.0032 	 53.1072
  0.4321 	 0.1852 	 0.0023 	 0.0033 	 40.0832
  0.4938 	 0.1852 	 0.0003 	 0.0031 	 31.4254
  0.5556 	 0.1852 	 -0.0017 	 0.0032 	 36.4805
  0.6173 	 0.1852 	 -0.0037 	 0.0034 	 50.3800
  0.6790 	 0.1852 	 -0.0054 	 0.0031 	 62.5427
  0.7407 	 0.1852 	 -0.0064 	 0.0020 	 67.0418
  0.8025 	 0.1852 	 -0.0063 	 0.0003 	 63.2482
  0.8642 	 0.1852 	 -0.0052 	 -0.0016 	 54.2479
  0.9259 	 0.1852 	 -0.0034 	 -0.0031 	 45.4826
  0.0617 	 0.2222 	 0.0022 	 -0.0048 	 52.5827
  0.1235 	 0.2222 	 0.0050 	 -0.0041 	 64.9801
  0.1852 	 0.2222 	 0.0074 	 -0.0020 	 76.5165
  0.2469 	 0.2222 	 0.0086 	 0.0007 	 86.0680
  0.3086 	 0.2222 	 0.0082 	 0.0032 	 87.4808
  0.3704 	 0.2222 	 0.0063 	 0.0046 	 77.8850
  0.4321 	 0.2222 	 0.0036 	 0.0049 	 60.8341
  0.4938 	 0.2222 	 0.0005 	 0.0049 	 48.8392
  0.5556 	 0.2222 	 -0.0026 	 0.0049 	 55.6378
  0.6173 	 0.2222 	 -0.0055 	 0.0050 	 74.0338
  0.6790 	 0.2222 	 -0.0077 	 0.0043 	 88.4396
  0.7407 	 0.2222 	 -0.0088 	 0.0024 	 91.1006
  0.8025 	 0.2222 	 -0.0083 	 -0.0002 	 82.9352
  0.8642 	 0.2222 	 -0.0065 	 -0.0026 	 70.1176
  0.9259 	 0.2222 	 -0.0040 	 -0.0044 	 59.4282
  0.0617 	 0.2593 	 0.0025 	 -0.0067 	 71.4427
  0.1235 	 0.2593 	 0.0061 	 -0.0060 	 85.2316
  0.1852 	 0.2593 	 0.0095 	 -0.0035 	 101.1435
  0.2469 	 0.2593 	 0.0117 	 0.0001 	 117.0555
  0.3086 	 0.2593 	 0.0118 	 0.0038 	 124.0398
  0.3704 	 0.2593 	 0.0095 	 0.0064 	 114.7569
  0.4321 	 0.2593 	 0.0056 	 0.0074 	 92.3050
  0.4938 	 0.2593 	 0.0008 	 0.0075 	 75.2656
  0.5556 	 0.2593 	 -0.0040 	 0.0075 	 84.9926
  0.6173 	 0.2593 	 -0.0083 	 0.0072 	 109.8908
  0.6790 	 0.2593 	 -0.0113 	 0.0056 	 125.8770
  0.7407 	 0.2593 	 -0.0120 	 0.0026 	 123.0636
  0.8025 	 0.2593 	 -0.0106 	 -0.0011 	 106.8474
  0.8642 	 0.2593 	 -0.0078 	 -0.0042 	 88.7401
  0.9259 	 0.2593 	 -0.0045 	 -0.0061 	 75.9333
  0.0617 	 0.2963 	 0.0026 	 -0.0086 	 89.9144
  0.1235 	 0.2963 	 0.0067 	 -0.0085 	 108.0972
  0.1852 	 0.2963 	 0.0115 	 -0.0059 	 129.0930
  0.2469 	 0.2963 	 0.0154 	 -0.0014 	 155.0831
  0.3086 	 0.2963 	 0.0171 	 0.0041 	 175.8277
  0.3704 	 0.2963 	 0.0149 	 0.0086 	 172.0462
  0.4321 	 0.2963 	 0.0091 	 0.0110 	 142.6864
  0.4938 	 0.2963 	 0.0014 	 0.0117 	 117.4184
  0.5556 	 0.2963 	 -0.0065 	 0.0115 	 132.4299
  0.6173 	 0.2963 	 -0.0132 	 0.0103 	 167.1461
  0.6790 	 0.2963 	 -0.0167 	 0.0070 	 181.2826
  0.7407 	 0.2963 	 -0.0163 	 0.0019 	 163.6633
  0.8025 	 0.2963 	 -0.0129 	 -0.0030 	 132.4497
  0.8642 	 0.2963 	 -0.0087 	 -0.0065 	 108.8038
  0.9259 	 0.2963 	 -0.0046 	 -0.0082 	 94.3619
  0.0617 	 0.3333 	 0.0010 	 -0.0104 	 104.0492
  0.1235 	 0.3333 	 0.0069 	 -0.0117 	 136.4476
  0.1852 	 0.3333 	 0.0120 	 -0.0089 	 149.1566
  0.2469 	 0.3333 	 0.0181 	 -0.0046 	 186.7587
  0.3086 	 0.3333 	 0.0236 	 0.0027 	 237.6563
  0.3704 	 0.3333 	 0.0231 	 0.0111 	 256.1891
  0.4321 	 0.3333 	 0.0149 	 0.0167 	 223.7884
  0.4938 	 0.3333 	 0.0024 	 0.0186 	 187.2176
  0.5556 	 0.3333 	 -0.0108 	 0.0181 	 210.7785
  0.6173 	 0.3333 	 -0.0210 	 0.0147 	 256.1903
  0.6790 	 0.3333 	 -0.0242 	 0.0075 	 253.9413
  0.7407 	 0.3333 	 -0.0202 	 -0.0007 	 201.6455
  0.8025 	 0.3333 	 -0.0134 	 -0.0063 	 147.6158
  0.8642 	 0.3333 	 -0.0085 	 -0.0090 	 123.2058
  0.9259 	 0.3333 	 -0.0045 	 -0.0109 	 117.6294
  0.0617 	 0.3704 	 0.0040 	 -0.0170 	 174.9002
  0.1235 	 0.3704 	 0.0080 	 -0.0128 	 150.7661
  0.1852 	 0.3704 	 0.0066 	 -0.0106 	 124.3395
  0.2469 	 0.3704 	 0.0124 	 -0.0095 	 155.7162
  0.3086 	 0.3704 	 0.0221 	 -0.0019 	 222.2774
  0.3704 	 0.3704 	 0.0272 	 0.0119 	 296.8401
  0.4321 	 0.3704 	 0.0201 	 0.0240 	 312.9911
  0.4938 	 0.3704 	 0.0033 	 0.0290 	 291.8320
  0.5556 	 0.3704 	 -0.0149 	 0.0276 	 314.0904
  0.6173 	 0.3704 	 -0.0262 	 0.0194 	 325.7387
  0.6790 	 0.3704 	 -0.0250 	 0.0054 	 255.4154
  0.7407 	 0.3704 	 -0.0156 	 -0.0062 	 167.8063
  0.8025 	 0.3704 	 -0.0071 	 -0.0104 	 126.0021
  0.8642 	 0.3704 	 -0.0046 	 -0.0097 	 106.9784
  0.9259 	 0.3704 	 -0.0075 	 -0.0114 	 136.8885
  0.0617 	 0.4074 	 0.0191 	 -0.0224 	 293.9984
  0.1235 	 0.4074 	 0.0037 	 -0.0042 	 56.1644
  0.1852 	 0.4074 	 -0.0047 	 -0.0093 	 104.4234
  0.2469 	 0.4074 	 -0.0049 	 -0.0120 	 129.4606
  0.3086 	 0.4074 	 -0.0007 	 -0.0070 	 70.2297
  0.3704 	 0.4074 	 0.0074 	 0.0084 	 111.7556
  0.4321 	 0.4074 	 0.0101 	 0.0278 	 295.6999
  0.4938 	 0.4074 	 0.0020 	 0.0381 	 381.4893
  0.5556 	 0.4074 	 -0.0083 	 0.0351 	 360.8838
  0.6173 	 0.4074 	 -0.0096 	 0.0195 	 217.6400
  0.6790 	 0.4074 	 -0.0021 	 0.0004 	 21.4157
  0.7407 	 0.4074 	 0.0040 	 -0.0104 	 111.7564
  0.8025 	 0.4074 	 0.0052 	 -0.0118 	 129.0759
  0.8642 	 0.4074 	 0.0035 	 -0.0079 	 86.2775
  0.9259 	 0.4074 	 -0.0084 	 -0.0028 	 88.2040
  0.0617 	 0.4444 	 -0.0044 	 -0.0238 	 242.3714
  0.1235 	 0.4444 	 -0.0063 	 0.0035 	 72.1523
  0.1852 	 0.4444 	 -0.0078 	 -0.0076 	 109.3134
  0.2469 	 0.4444 	 -0.0132 	 -0.0093 	 161.8221
  0.3086 	 0.4444 	 -0.0190 	 -0.0064 	 199.9276
  0.3704 	 0.4444 	 -0.0190 	 0.0047 	 195.8312
  0.4321 	 0.4444 	 -0.0102 	 0.0239 	 259.6361
  0.4938 	 0.4444 	 -0.0013 	 0.0371 	 371.2284
  0.5556 	 0.4444 	 0.0068 	 0.0330 	 337.1985
  0.6173 	 0.4444 	 0.0164 	 0.0147 	 220.4190
  0.6790 	 0.4444 	 0.0199 	 -0.0011 	 199.4103
  0.7407 	 0.4444 	 0.0154 	 -0.0085 	 175.7695
  0.8025 	 0.4444 	 0.0092 	 -0.0092 	 130.7431
  0.8642 	 0.4444 	 0.0055 	 -0.0066 	 85.5715
  0.9259 	 0.4444 	 0.0036 	 0.0056 	 66.5102
  0.0617 	 0.4815 	 -0.0113 	 -0.0155 	 191.8937
  0.1235 	 0.4815 	 -0.0082 	 -0.0042 	 91.9602
  0.1852 	 0.4815 	 -0.0072 	 -0.0058 	 92.1180
  0.2469 	 0.4815 	 -0.0113 	 -0.0059 	 127.5521
  0.3086 	 0.4815 	 -0.0165 	 -0.0025 	 166.4293
  0.3704 	 0.4815 	 -0.0197 	 0.0057 	 204.6487
  0.4321 	 0.4815 	 -0.0163 	 0.0180 	 242.5048
  0.4938 	 0.4815 	 -0.0029 	 0.0276 	 277.4512
  0.5556 	 0.4815 	 0.0125 	 0.0245 	 274.7580
  0.6173 	 0.4815 	 0.0196 	 0.0121 	 230.1562
  0.6790 	 0.4815 	 0.0180 	 0.0015 	 180.4391
  0.7407 	 0.4815 	 0.0131 	 -0.0044 	 138.4805
  0.8025 	 0.4815 	 0.0082 	 -0.0063 	 103.2409
  0.8642 	 0.4815 	 0.0054 	 -0.0052 	 75.0094
  0.9259 	 0.4815 	 0.0091 	 -0.0032 	 96.7451
  0.0617 	 0.5185 	 -0.0059 	 -0.0110 	 125.0691
  0.1235 	 0.5185 	 -0.0067 	 -0.0056 	 87.6123
  0.1852 	 0.5185 	 -0.0071 	 -0.0047 	 85.5061
  0.2469 	 0.5185 	 -0.0096 	 -0.0036 	 102.3625
  0.3086 	 0.5185 	 -0.0128 	 -0.0001 	 127.6817
  0.3704 	 0.5185 	 -0.0148 	 0.0062 	 160.7133
  0.4321 	 0.5185 	 -0.0120 	 0.0140 	 184.7236
  0.4938 	 0.5185 	 -0.0022 	 0.0195 	 196.0516
  0.5556 	 0.5185 	 0.0093 	 0.0177 	 200.2861
  0.6173 	 0.5185 	 0.0146 	 0.0105 	 180.2838
  0.6790 	 0.5185 	 0.0138 	 0.0032 	 141.2259
  0.7407 	 0.5185 	 0.0106 	 -0.0020 	 107.8036
  0.8025 	 0.5185 	 0.0076 	 -0.0043 	 87.4930
  0.8642 	 0.5185 	 0.0059 	 -0.0045 	 74.1399
  0.9259 	 0.5185 	 0.0065 	 -0.0050 	 82.2523
  0.0617 	 0.5556 	 -0.0035 	 -0.0081 	 88.4144
  0.1235 	 0.5556 	 -0.0055 	 -0.0053 	 75.9786
  0.1852 	 0.5556 	 -0.0067 	 -0.0038 	 77.5445
  0.2469 	 0.5556 	 -0.0089 	 -0.0021 	 91.9951
  0.3086 	 0.5556 	 -0.0113 	 0.0012 	 113.2183
  0.3704 	 0.5556 	 -0.0119 	 0.0061 	 133.7663
  0.4321 	 0.5556 	 -0.0089 	 0.0111 	 141.8482
  0.4938 	 0.5556 	 -0.0015 	 0.0140 	 141.2838
  0.5556 	 0.5556 	 0.0067 	 0.0131 	 147.4102
  0.6173 	 0.5556 	 0.0113 	 0.0090 	 144.4366
  0.6790 	 0.5556 	 0.0118 	 0.0038 	 123.5548
  0.7407 	 0.5556 	 0.0098 	 -0.0004 	 98.1286
  0.8025 	 0.5556 	 0.0073 	 -0.0029 	 78.5676
  0.8642 	 0.5556 	 0.0056 	 -0.0039 	 68.1844
  0.9259 	 0.5556 	 0.0049 	 -0.0050 	 69.7687
  0.0617 	 0.5926 	 -0.0023 	 -0.0060 	 64.7393
  0.1235 	 0.5926 	 -0.0044 	 -0.0044 	 62.3488
  0.1852 	 0.5926 	 -0.0057 	 -0.0030 	 64.6460
  0.2469 	 0.5926 	 -0.0070 	 -0.0012 	 70.7907
  0.3086 	 0.5926 	 -0.0079 	 0.0019 	 81.2664
  0.3704 	 0.5926 	 -0.0078 	 0.0057 	 96.9444
  0.4321 	 0.5926 	 -0.0057 	 0.0087 	 103.8739
  0.4938 	 0.5926 	 -0.0010 	 0.0100 	 100.4642
  0.5556 	 0.5926 	 0.0042 	 0.0096 	 105.3423
  0.6173 	 0.5926 	 0.0074 	 0.0076 	 106.1079
  0.6790 	 0.5926 	 0.0081 	 0.0041 	 90.5664
  0.7407 	 0.5926 	 0.0074 	 0.0005 	 73.8401
  0.8025 	 0.5926 	 0.0062 	 -0.0019 	 64.7221
  0.8642 	 0.5926 	 0.0049 	 -0.0032 	 58.7411
  0.9259 	 0.5926 	 0.0038 	 -0.0043 	 57.4540
  0.0617 	 0.6296 	 -0.0017 	 -0.0045 	 47.9476
  0.1235 	 0.6296 	 -0.0037 	 -0.0035 	 50.3442
  0.1852 	 0.6296 	 -0.0052 	 -0.0022 	 56.1913
  0.2469 	 0.6296 	 -0.0066 	 -0.0004 	 66.4448
  0.3086 	 0.6296 	 -0.0077 	 0.0023 	 80.4197
  0.3704 	 0.6296 	 -0.0077 	 0.0052 	 93.1317
  0.4321 	 0.6296 	 -0.0056 	 0.0068 	 87.5895
  0.4938 	 0.6296 	 -0.0009 	 0.0068 	 68.9813
  0.5556 	 0.6296 	 0.0042 	 0.0069 	 80.9305
  0.6173 	 0.6296 	 0.0072 	 0.0064 	 96.3979
  0.6790 	 0.6296 	 0.0079 	 0.0040 	 88.4289
  0.7407 	 0.6296 	 0.0071 	 0.0011 	 72.1123
  0.8025 	 0.6296 	 0.0058 	 -0.0011 	 58.8281
  0.8642 	 0.6296 	 0.0044 	 -0.0024 	 50.3965
  0.9259 	 0.6296 	 0.0030 	 -0.0035 	 46.3478
  0.0617 	 0.6667 	 -0.0013 	 -0.0033 	 35.2136
  0.1235 	 0.6667 	 -0.0030 	 -0.0026 	 39.4558
  0.1852 	 0.6667 	 -0.0042 	 -0.0015 	 45.0995
  0.2469 	 0.6667 	 -0.0051 	 -0.0000 	 50.5698
  0.3086 	 0.6667 	 -0.0053 	 0.0023 	 57.4011
  0.3704 	 0.6667 	 -0.0047 	 0.0047 	 66.2977
  0.4321 	 0.6667 	 -0.0032 	 0.0054 	 62.2839
  0.4938 	 0.6667 	 -0.0006 	 0.0047 	 47.4989
  0.5556 	 0.6667 	 0.0023 	 0.0050 	 55.2433
  0.6173 	 0.6667 	 0.0043 	 0.0054 	 68.9151
  0.6790 	 0.6667 	 0.0053 	 0.0038 	 64.6775
  0.7407 	 0.6667 	 0.0053 	 0.0012 	 54.3168
  0.8025 	 0.6667 	 0.0047 	 -0.0006 	 47.6337
  0.8642 	 0.6667 	 0.0037 	 -0.0018 	 41.5005
  0.9259 	 0.6667 	 0.0025 	 -0.0027 	 36.6010
  0.0617 	 0.7037 	 -0.0010 	 -0.0023 	 25.3377
  0.1235 	 0.7037 	 -0.0025 	 -0.0018 	 30.9787
  0.1852 	 0.7037 	 -0.0038 	 -0.0009 	 38.8826
  0.2469 	 0.7037 	 -0.0047 	 0.0005 	 47.6037
  0.3086 	 0.7037 	 -0.0051 	 0.0024 	 56.1238
  0.3704 	 0.7037 	 -0.0047 	 0.0042 	 63.0641
  0.4321 	 0.7037 	 -0.0033 	 0.0040 	 51.4858
  0.4938 	 0.7037 	 -0.0005 	 0.0025 	 25.3976
  0.5556 	 0.7037 	 0.0025 	 0.0031 	 39.6721
  0.6173 	 0.7037 	 0.0044 	 0.0044 	 62.4232
  0.6790 	 0.7037 	 0.0051 	 0.0036 	 61.8647
  0.7407 	 0.7037 	 0.0050 	 0.0015 	 52.5895
  0.8025 	 0.7037 	 0.0043 	 -0.0001 	 43.3254
  0.8642 	 0.7037 	 0.0033 	 -0.0012 	 34.8619
  0.9259 	 0.7037 	 0.0021 	 -0.0020 	 28.5051
  0.0617 	 0.7407 	 -0.0008 	 -0.0015 	 17.5682
  0.1235 	 0.7407 	 -0.0021 	 -0.0011 	 23.8314
  0.1852 	 0.7407 	 -0.0032 	 -0.0004 	 31.7954
  0.2469 	 0.7407 	 -0.0039 	 0.0006 	 39.7976
  0.3086 	 0.7407 	 -0.0043 	 0.0022 	 47.9798
  0.3704 	 0.7407 	 -0.0040 	 0.0036 	 53.7024
  0.4321 	 0.7407 	 -0.0028 	 0.0030 	 41.1799
  0.4938 	 0.7407 	 -0.0005 	 0.0011 	 12.1139
  0.5556 	 0.7407 	 0.0021 	 0.0019 	 28.2691
  0.6173 	 0.7407 	 0.0037 	 0.0037 	 51.9524
  0.6790 	 0.7407 	 0.0043 	 0.0031 	 53.6290
  0.7407 	 0.7407 	 0.0042 	 0.0015 	 44.7319
  0.8025 	 0.7407 	 0.0036 	 0.0002 	 36.4367
  0.8642 	 0.7407 	 0.0028 	 -0.0007 	 28.5497
  0.9259 	 0.7407 	 0.0017 	 -0.0013 	 21.7930
  0.0617 	 0.7778 	 -0.0007 	 -0.0009 	 11.5833
  0.1235 	 0.7778 	 -0.0018 	 -0.0006 	 18.5180
  0.1852 	 0.7778 	 -0.0027 	 0.0001 	 27.4287
  0.2469 	 0.7778 	 -0.0035 	 0.0010 	 35.9986
  0.3086 	 0.7778 	 -0.0035 	 0.0021 	 41.3666
  0.3704 	 0.7778 	 -0.0029 	 0.0032 	 43.0737
  0.4321 	 0.7778 	 -0.0018 	 0.0020 	 27.0731
  0.4938 	 0.7778 	 -0.0003 	 -0.0005 	 6.2421
  0.5556 	 0.7778 	 0.0014 	 0.0004 	 14.3957
  0.6173 	 0.7778 	 0.0027 	 0.0029 	 39.5890
  0.6790 	 0.7778 	 0.0035 	 0.0028 	 44.7572
  0.7407 	 0.7778 	 0.0037 	 0.0016 	 40.3664
  0.8025 	 0.7778 	 0.0032 	 0.0006 	 32.7259
  0.8642 	 0.7778 	 0.0024 	 -0.0002 	 23.8514
  0.9259 	 0.7778 	 0.0014 	 -0.0008 	 16.4365
  0.0617 	 0.8148 	 -0.0006 	 -0.0005 	 7.2179
  0.1235 	 0.8148 	 -0.0014 	 -0.0001 	 14.3352
  0.1852 	 0.8148 	 -0.0023 	 0.0005 	 23.5020
  0.2469 	 0.8148 	 -0.0032 	 0.0013 	 34.8701
  0.3086 	 0.8148 	 -0.0042 	 0.0023 	 47.9587
  0.3704 	 0.8148 	 -0.0048 	 0.0029 	 56.3338
  0.4321 	 0.8148 	 -0.0040 	 0.0011 	 41.7610
  0.4938 	 0.8148 	 -0.0007 	 -0.0024 	 25.0856
  0.5556 	 0.8148 	 0.0032 	 -0.0011 	 34.0370
  0.6173 	 0.8148 	 0.0048 	 0.0023 	 53.4510
  0.6790 	 0.8148 	 0.0046 	 0.0028 	 53.7299
  0.7407 	 0.8148 	 0.0037 	 0.0018 	 41.3618
  0.8025 	 0.8148 	 0.0028 	 0.0010 	 29.3624
  0.8642 	 0.8148 	 0.0020 	 0.0002 	 19.7081
  0.9259 	 0.8148 	 0.0012 	 -0.0004 	 12.2360
  0.0617 	 0.8519 	 -0.0004 	 -0.0001 	 4.3917
  0.1235 	 0.8519 	 -0.0011 	 0.0002 	 11.1387
  0.1852 	 0.8519 	 -0.0018 	 0.0009 	 19.9412
  0.2469 	 0.8519 	 -0.0025 	 0.0017 	 30.5417
  0.3086 	 0.8519 	 -0.0031 	 0.0026 	 40.5303
  0.3704 	 0.8519 	 -0.0036 	 0.0030 	 46.9502
  0.4321 	 0.8519 	 -0.0036 	 0.0002 	 36.0560
  0.4938 	 0.8519 	 -0.0008 	 -0.0049 	 49.7453
  0.5556 	 0.8519 	 0.0030 	 -0.0030 	 42.2861
  0.6173 	 0.8519 	 0.0039 	 0.0021 	 43.8522
  0.6790 	 0.8519 	 0.0034 	 0.0029 	 45.2888
  0.7407 	 0.8519 	 0.0029 	 0.0022 	 36.3411
  0.8025 	 0.8519 	 0.0022 	 0.0013 	 25.8082
  0.8642 	 0.8519 	 0.0015 	 0.0005 	 16.2150
  0.9259 	 0.8519 	 0.0009 	 -0.0001 	 9.0197
  0.0617 	 0.8889 	 -0.0003 	 0.0001 	 2.9325
  0.1235 	 0.8889 	 -0.0007 	 0.0004 	 8.4465
  0.1852 	 0.8889 	 -0.0012 	 0.0011 	 16.7621
  0.2469 	 0.8889 	 -0.0021 	 0.0022 	 30.4562
  0.3086 	 0.8889 	 -0.0039 	 0.0035 	 52.2466
  0.3704 	 0.8889 	 -0.0068 	 0.0043 	 80.7413
  0.4321 	 0.8889 	 -0.0092 	 0.0001 	 92.2996
  0.4938 	 0.8889 	 -0.0026 	 -0.0108 	 111.2997
  0.5556 	 0.8889 	 0.0086 	 -0.0061 	 105.4410
  0.6173 	 0.8889 	 0.0080 	 0.0031 	 86.0244
  0.6790 	 0.8889 	 0.0049 	 0.0041 	 64.0241
  0.7407 	 0.8889 	 0.0027 	 0.0029 	 39.7408
  0.8025 	 0.8889 	 0.0016 	 0.0017 	 23.3557
  0.8642 	 0.8889 	 0.0011 	 0.0007 	 13.0074
  0.9259 	 0.8889 	 0.0006 	 0.0001 	 6.5788
  0.0617 	 0.9259 	 -0.0002 	 0.0001 	 2.0910
  0.1235 	 0.9259 	 -0.0004 	 0.0004 	 5.8381
  0.1852 	 0.9259 	 -0.0006 	 0.0012 	 12.9193
  0.2469 	 0.9259 	 -0.0009 	 0.0025 	 26.5349
  0.3086 	 0.9259 	 -0.0021 	 0.0044 	 48.2493
  0.3704 	 0.9259 	 -0.0053 	 0.0067 	 85.9964
  0.4321 	 0.9259 	 -0.0156 	 0.0051 	 164.2894
  0.4938 	 0.9259 	 -0.0104 	 -0.0269 	 288.7599
  0.5556 	 0.9259 	 0.0204 	 -0.0065 	 213.7415
  0.6173 	 0.9259 	 0.0081 	 0.0072 	 108.1132
  0.6790 	 0.9259 	 0.0030 	 0.0057 	 64.0090
  0.7407 	 0.9259 	 0.0013 	 0.0035 	 37.0638
  0.8025 	 0.9259 	 0.0008 	 0.0018 	 19.7220
  0.8642 	 0.9259 	 0.0006 	 0.0007 	 9.6342
  0.9259 	 0.9259 	 0.0004 	 0.0002 	 4.5959
  0.0617 	 0.9630 	 -0.0001 	 0.0001 	 1.2978
  0.1235 	 0.9630 	 -0.0001 	 0.0003 	 3.1187
  0.1852 	 0.9630 	 0.0002 	 0.0009 	 9.2208
  0.2469 	 0.9630 	 0.0005 	 0.0025 	 25.4094
  0.3086 	 0.9630 	 -0.0002 	 0.0054 	 53.9429
  0.3704 	 0.9630 	 -0.0036 	 0.0102 	 108.3898
  0.4321 	 0.9630 	 -0.0221 	 0.0218 	 310.2716
  0.4938 	 0.9630 	 -0.0187 	 -0.0726 	 749.6132
  0.5556 	 0.9630 	 0.0386 	 0.0075 	 392.8280
  0.6173 	 0.9630 	 0.0068 	 0.0156 	 170.6354
  0.6790 	 0.9630 	 0.0010 	 0.0077 	 77.4671
  0.7407 	 0.9630 	 -0.0004 	 0.0039 	 39.3728
  0.8025 	 0.9630 	 -0.0002 	 0.0016 	 16.2124
  0.8642 	 0.9630 	 0.0002 	 0.0005 	 5.7527
  0.9259 	 0.9630 	 0.0003 	 0.0001 	 2.9867
 