 x 	 y 	 u 	 v 	 m 
  0.0617 	 0.0370 	 0.0044 	 0.0020 	 48.0102
  0.1235 	 0.0370 	 0.0023 	 -0.0018 	 29.2934
  0.1852 	 0.0370 	 0.0015 	 -0.0005 	 15.3420
  0.2469 	 0.0370 	 0.0022 	 0.0001 	 22.3707
  0.3086 	 0.0370 	 0.0026 	 -0.0001 	 26.1500
  0.3704 	 0.0370 	 0.0024 	 0.0002 	 24.2037
  0.4321 	 0.0370 	 0.0017 	 0.0004 	 17.2605
  0.4938 	 0.0370 	 0.0006 	 0.0005 	 7.4944
  0.5556 	 0.0370 	 -0.0006 	 0.0005 	 7.8533
  0.6173 	 0.0370 	 -0.0016 	 0.0003 	 16.1215
  0.6790 	 0.0370 	 -0.0020 	 0.0001 	 20.1386
  0.7407 	 0.0370 	 -0.0019 	 -0.0002 	 18.8887
  0.8025 	 0.0370 	 -0.0012 	 0.0000 	 12.0371
  0.8642 	 0.0370 	 -0.0006 	 -0.0005 	 7.4609
  0.9259 	 0.0370 	 -0.0024 	 -0.0017 	 28.9693
  0.0617 	 0.0741 	 0.0011 	 0.0034 	 35.9985
  0.1235 	 0.0741 	 -0.0005 	 -0.0006 	 8.1111
  0.1852 	 0.0741 	 -0.0002 	 -0.0009 	 9.4829
  0.2469 	 0.0741 	 0.0010 	 -0.0006 	 11.6251
  0.3086 	 0.0741 	 0.0019 	 -0.0004 	 19.7987
  0.3704 	 0.0741 	 0.0023 	 0.0003 	 23.0567
  0.4321 	 0.0741 	 0.0018 	 0.0009 	 20.0900
  0.4938 	 0.0741 	 0.0006 	 0.0013 	 14.0009
  0.5556 	 0.0741 	 -0.0007 	 0.0012 	 14.1417
  0.6173 	 0.0741 	 -0.0016 	 0.0007 	 17.9748
  0.6790 	 0.0741 	 -0.0017 	 0.0000 	 16.7512
  0.7407 	 0.0741 	 -0.0009 	 -0.0006 	 10.8758
  0.8025 	 0.0741 	 0.0002 	 -0.0007 	 7.0785
  0.8642 	 0.0741 	 0.0013 	 -0.0008 	 14.9085
  0.9259 	 0.0741 	 0.0009 	 -0.0003 	 9.6957
  0.0617 	 0.1111 	 -0.0027 	 0.0028 	 39.1330
  0.1235 	 0.1111 	 -0.0024 	 -0.0004 	 24.7069
  0.1852 	 0.1111 	 -0.0025 	 -0.0013 	 28.2782
  0.2469 	 0.1111 	 -0.0012 	 -0.0015 	 19.0569
  0.3086 	 0.1111 	 0.0006 	 -0.0012 	 13.7295
  0.3704 	 0.1111 	 0.0019 	 -0.0000 	 19.3420
  0.4321 	 0.1111 	 0.0019 	 0.0013 	 23.1927
  0.4938 	 0.1111 	 0.0007 	 0.0022 	 22.5120
  0.5556 	 0.1111 	 -0.0009 	 0.0020 	 21.9392
  0.6173 	 0.1111 	 -0.0016 	 0.0009 	 18.6262
  0.6790 	 0.1111 	 -0.0009 	 -0.0005 	 10.5671
  0.7407 	 0.1111 	 0.0008 	 -0.0016 	 17.5833
  0.8025 	 0.1111 	 0.0026 	 -0.0015 	 30.4199
  0.8642 	 0.1111 	 0.0035 	 -0.0010 	 36.0765
  0.9259 	 0.1111 	 0.0028 	 0.0001 	 28.2872
  0.0617 	 0.1481 	 -0.0032 	 0.0028 	 42.6954
  0.1235 	 0.1481 	 -0.0049 	 0.0005 	 49.1763
  0.1852 	 0.1481 	 -0.0061 	 -0.0014 	 62.3220
  0.2469 	 0.1481 	 -0.0048 	 -0.0027 	 55.3529
  0.3086 	 0.1481 	 -0.0021 	 -0.0028 	 34.6230
  0.3704 	 0.1481 	 0.0004 	 -0.0010 	 10.7382
  0.4321 	 0.1481 	 0.0013 	 0.0014 	 19.4430
  0.4938 	 0.1481 	 0.0006 	 0.0030 	 30.3831
  0.5556 	 0.1481 	 -0.0006 	 0.0027 	 27.4948
  0.6173 	 0.1481 	 -0.0006 	 0.0007 	 9.2313
  0.6790 	 0.1481 	 0.0012 	 -0.0017 	 20.7430
  0.7407 	 0.1481 	 0.0040 	 -0.0031 	 50.2200
  0.8025 	 0.1481 	 0.0062 	 -0.0026 	 67.1281
  0.8642 	 0.1481 	 0.0065 	 -0.0008 	 66.0157
  0.9259 	 0.1481 	 0.0046 	 0.0013 	 48.1165
  0.0617 	 0.1852 	 -0.0036 	 0.0047 	 58.7259
  0.1235 	 0.1852 	 -0.0078 	 0.0026 	 81.8349
  0.1852 	 0.1852 	 -0.0105 	 -0.0007 	 105.0524
  0.2469 	 0.1852 	 -0.0101 	 -0.0038 	 107.5388
  0.3086 	 0.1852 	 -0.0076 	 -0.0046 	 88.7920
  0.3704 	 0.1852 	 -0.0046 	 -0.0026 	 53.0454
  0.4321 	 0.1852 	 -0.0021 	 0.0006 	 21.7255
  0.4938 	 0.1852 	 -0.0001 	 0.0027 	 26.7424
  0.5556 	 0.1852 	 0.0017 	 0.0023 	 28.3281
  0.6173 	 0.1852 	 0.0039 	 -0.0003 	 39.4358
  0.6790 	 0.1852 	 0.0066 	 -0.0033 	 73.6746
  0.7407 	 0.1852 	 0.0091 	 -0.0047 	 102.5656
  0.8025 	 0.1852 	 0.0106 	 -0.0033 	 111.3682
  0.8642 	 0.1852 	 0.0099 	 0.0000 	 99.3442
  0.9259 	 0.1852 	 0.0065 	 0.0034 	 73.6535
  0.0617 	 0.2222 	 -0.0039 	 0.0081 	 89.9684
  0.1235 	 0.2222 	 -0.0100 	 0.0057 	 114.7100
  0.1852 	 0.2222 	 -0.0138 	 0.0006 	 137.7389
  0.2469 	 0.2222 	 -0.0153 	 -0.0038 	 157.8528
  0.3086 	 0.2222 	 -0.0159 	 -0.0052 	 167.8133
  0.3704 	 0.2222 	 -0.0149 	 -0.0041 	 154.9222
  0.4321 	 0.2222 	 -0.0104 	 -0.0023 	 106.9289
  0.4938 	 0.2222 	 -0.0019 	 -0.0014 	 23.4131
  0.5556 	 0.2222 	 0.0076 	 -0.0015 	 77.6653
  0.6173 	 0.2222 	 0.0140 	 -0.0027 	 142.6872
  0.6790 	 0.2222 	 0.0162 	 -0.0043 	 167.6806
  0.7407 	 0.2222 	 0.0156 	 -0.0048 	 163.6005
  0.8025 	 0.2222 	 0.0141 	 -0.0028 	 143.5209
  0.8642 	 0.2222 	 0.0119 	 0.0015 	 119.7478
  0.9259 	 0.2222 	 0.0078 	 0.0063 	 100.0377
  0.0617 	 0.2593 	 -0.0044 	 0.0120 	 127.4894
  0.1235 	 0.2593 	 -0.0090 	 0.0084 	 123.2249
  0.1852 	 0.2593 	 -0.0121 	 0.0025 	 123.3320
  0.2469 	 0.2593 	 -0.0167 	 -0.0014 	 167.7335
  0.3086 	 0.2593 	 -0.0225 	 -0.0031 	 227.2084
  0.3704 	 0.2593 	 -0.0249 	 -0.0046 	 253.3887
  0.4321 	 0.2593 	 -0.0189 	 -0.0077 	 204.3520
  0.4938 	 0.2593 	 -0.0037 	 -0.0106 	 112.6684
  0.5556 	 0.2593 	 0.0137 	 -0.0097 	 167.8683
  0.6173 	 0.2593 	 0.0240 	 -0.0062 	 248.2341
  0.6790 	 0.2593 	 0.0249 	 -0.0035 	 251.6818
  0.7407 	 0.2593 	 0.0197 	 -0.0019 	 197.5892
  0.8025 	 0.2593 	 0.0131 	 -0.0002 	 131.3934
  0.8642 	 0.2593 	 0.0091 	 0.0032 	 96.4228
  0.9259 	 0.2593 	 0.0067 	 0.0085 	 108.5451
  0.0617 	 0.2963 	 -0.0026 	 0.0136 	 138.1887
  0.1235 	 0.2963 	 -0.0012 	 0.0087 	 87.3877
  0.1852 	 0.2963 	 -0.0033 	 0.0050 	 59.9301
  0.2469 	 0.2963 	 -0.0116 	 0.0038 	 121.7919
  0.3086 	 0.2963 	 -0.0208 	 0.0013 	 207.9422
  0.3704 	 0.2963 	 -0.0235 	 -0.0049 	 240.5242
  0.4321 	 0.2963 	 -0.0166 	 -0.0141 	 217.5828
  0.4938 	 0.2963 	 -0.0031 	 -0.0207 	 209.2761
  0.5556 	 0.2963 	 0.0115 	 -0.0189 	 221.3894
  0.6173 	 0.2963 	 0.0220 	 -0.0105 	 244.0741
  0.6790 	 0.2963 	 0.0238 	 -0.0020 	 238.7728
  0.7407 	 0.2963 	 0.0170 	 0.0033 	 172.7360
  0.8025 	 0.2963 	 0.0066 	 0.0051 	 83.1362
  0.8642 	 0.2963 	 -0.0003 	 0.0054 	 53.6935
  0.9259 	 0.2963 	 -0.0003 	 0.0081 	 81.2489
  0.0617 	 0.3333 	 0.0054 	 0.0089 	 103.8349
  0.1235 	 0.3333 	 0.0117 	 0.0074 	 138.6825
  0.1852 	 0.3333 	 0.0072 	 0.0092 	 116.8782
  0.2469 	 0.3333 	 -0.0037 	 0.0105 	 111.8550
  0.3086 	 0.3333 	 -0.0129 	 0.0054 	 139.4530
  0.3704 	 0.3333 	 -0.0130 	 -0.0067 	 146.2498
  0.4321 	 0.3333 	 -0.0052 	 -0.0196 	 202.7583
  0.4938 	 0.3333 	 -0.0003 	 -0.0245 	 245.2964
  0.5556 	 0.3333 	 0.0021 	 -0.0237 	 238.3136
  0.6173 	 0.3333 	 0.0102 	 -0.0155 	 185.1605
  0.6790 	 0.3333 	 0.0146 	 -0.0018 	 147.4826
  0.7407 	 0.3333 	 0.0098 	 0.0086 	 129.8286
  0.8025 	 0.3333 	 -0.0011 	 0.0119 	 119.7906
  0.8642 	 0.3333 	 -0.0109 	 0.0092 	 142.3271
  0.9259 	 0.3333 	 -0.0128 	 0.0063 	 142.3878
  0.0617 	 0.3704 	 0.0162 	 0.0010 	 162.2256
  0.1235 	 0.3704 	 0.0195 	 0.0080 	 210.9917
  0.1852 	 0.3704 	 0.0118 	 0.0150 	 191.1877
  0.2469 	 0.3704 	 0.0008 	 0.0172 	 172.3835
  0.3086 	 0.3704 	 -0.0063 	 0.0083 	 103.8635
  0.3704 	 0.3704 	 -0.0041 	 -0.0101 	 108.6605
  0.4321 	 0.3704 	 0.0029 	 -0.0236 	 237.7995
  0.4938 	 0.3704 	 0.0013 	 -0.0222 	 222.2938
  0.5556 	 0.3704 	 -0.0036 	 -0.0236 	 239.2242
  0.6173 	 0.3704 	 0.0008 	 -0.0204 	 204.4058
  0.6790 	 0.3704 	 0.0065 	 -0.0032 	 72.3887
  0.7407 	 0.3704 	 0.0041 	 0.0125 	 131.0452
  0.8025 	 0.3704 	 -0.0045 	 0.0184 	 189.4303
  0.8642 	 0.3704 	 -0.0148 	 0.0146 	 207.8810
  0.9259 	 0.3704 	 -0.0206 	 0.0067 	 216.7811
  0.0617 	 0.4074 	 0.0143 	 -0.0066 	 157.6743
  0.1235 	 0.4074 	 0.0185 	 0.0095 	 208.1273
  0.1852 	 0.4074 	 0.0110 	 0.0211 	 237.4688
  0.2469 	 0.4074 	 0.0019 	 0.0224 	 224.4828
  0.3086 	 0.4074 	 -0.0014 	 0.0093 	 94.5922
  0.3704 	 0.4074 	 0.0024 	 -0.0137 	 139.0830
  0.4321 	 0.4074 	 0.0025 	 -0.0229 	 230.0131
  0.4938 	 0.4074 	 0.0003 	 -0.0207 	 207.1652
  0.5556 	 0.4074 	 -0.0013 	 -0.0217 	 217.6550
  0.6173 	 0.4074 	 -0.0042 	 -0.0222 	 226.2744
  0.6790 	 0.4074 	 0.0001 	 -0.0054 	 54.2574
  0.7407 	 0.4074 	 0.0007 	 0.0142 	 142.1840
  0.8025 	 0.4074 	 -0.0037 	 0.0232 	 234.7663
  0.8642 	 0.4074 	 -0.0131 	 0.0205 	 243.5283
  0.9259 	 0.4074 	 -0.0190 	 0.0081 	 206.8263
  0.0617 	 0.4444 	 0.0036 	 -0.0144 	 148.8841
  0.1235 	 0.4444 	 0.0135 	 0.0083 	 158.2779
  0.1852 	 0.4444 	 0.0085 	 0.0265 	 278.3385
  0.2469 	 0.4444 	 0.0029 	 0.0247 	 248.7818
  0.3086 	 0.4444 	 0.0066 	 0.0073 	 98.2622
  0.3704 	 0.4444 	 0.0095 	 -0.0143 	 171.6876
  0.4321 	 0.4444 	 0.0039 	 -0.0204 	 207.5141
  0.4938 	 0.4444 	 0.0004 	 -0.0194 	 194.0925
  0.5556 	 0.4444 	 -0.0020 	 -0.0201 	 202.1349
  0.6173 	 0.4444 	 -0.0072 	 -0.0193 	 205.7040
  0.6790 	 0.4444 	 -0.0092 	 -0.0079 	 121.1339
  0.7407 	 0.4444 	 -0.0041 	 0.0124 	 130.8010
  0.8025 	 0.4444 	 -0.0023 	 0.0256 	 257.1536
  0.8642 	 0.4444 	 -0.0101 	 0.0262 	 280.7789
  0.9259 	 0.4444 	 -0.0122 	 0.0068 	 140.3065
  0.0617 	 0.4815 	 -0.0063 	 -0.0144 	 157.2038
  0.1235 	 0.4815 	 -0.0084 	 0.0008 	 84.8417
  0.1852 	 0.4815 	 0.0060 	 0.0278 	 284.7784
  0.2469 	 0.4815 	 0.0125 	 0.0215 	 248.9216
  0.3086 	 0.4815 	 0.0180 	 0.0031 	 182.2756
  0.3704 	 0.4815 	 0.0127 	 -0.0100 	 161.6806
  0.4321 	 0.4815 	 0.0063 	 -0.0165 	 176.3577
  0.4938 	 0.4815 	 0.0010 	 -0.0174 	 174.0511
  0.5556 	 0.4815 	 -0.0040 	 -0.0175 	 179.1107
  0.6173 	 0.4815 	 -0.0099 	 -0.0148 	 177.6227
  0.6790 	 0.4815 	 -0.0167 	 -0.0057 	 176.5847
  0.7407 	 0.4815 	 -0.0168 	 0.0080 	 185.8746
  0.8025 	 0.4815 	 -0.0084 	 0.0231 	 245.6160
  0.8642 	 0.4815 	 -0.0001 	 0.0271 	 271.5002
  0.9259 	 0.4815 	 0.0120 	 -0.0003 	 120.3805
  0.0617 	 0.5185 	 -0.0053 	 -0.0092 	 106.0788
  0.1235 	 0.5185 	 -0.0114 	 0.0037 	 119.7287
  0.1852 	 0.5185 	 -0.0037 	 0.0179 	 183.1747
  0.2469 	 0.5185 	 0.0106 	 0.0146 	 180.5072
  0.3086 	 0.5185 	 0.0140 	 0.0037 	 144.9006
  0.3704 	 0.5185 	 0.0107 	 -0.0066 	 125.1574
  0.4321 	 0.5185 	 0.0048 	 -0.0128 	 137.3244
  0.4938 	 0.5185 	 0.0006 	 -0.0151 	 151.3472
  0.5556 	 0.5185 	 -0.0029 	 -0.0146 	 149.3921
  0.6173 	 0.5185 	 -0.0084 	 -0.0110 	 138.3012
  0.6790 	 0.5185 	 -0.0133 	 -0.0033 	 137.0017
  0.7407 	 0.5185 	 -0.0135 	 0.0067 	 150.7045
  0.8025 	 0.5185 	 -0.0071 	 0.0158 	 172.8192
  0.8642 	 0.5185 	 0.0080 	 0.0176 	 192.9352
  0.9259 	 0.5185 	 0.0115 	 0.0030 	 118.6862
  0.0617 	 0.5556 	 -0.0039 	 -0.0050 	 63.3080
  0.1235 	 0.5556 	 -0.0067 	 0.0041 	 79.0619
  0.1852 	 0.5556 	 -0.0012 	 0.0118 	 118.1268
  0.2469 	 0.5556 	 0.0068 	 0.0102 	 122.4790
  0.3086 	 0.5556 	 0.0100 	 0.0032 	 105.0545
  0.3704 	 0.5556 	 0.0089 	 -0.0045 	 99.7910
  0.4321 	 0.5556 	 0.0054 	 -0.0103 	 115.7598
  0.4938 	 0.5556 	 0.0009 	 -0.0126 	 126.0582
  0.5556 	 0.5556 	 -0.0037 	 -0.0120 	 126.0889
  0.6173 	 0.5556 	 -0.0078 	 -0.0085 	 115.4550
  0.6790 	 0.5556 	 -0.0102 	 -0.0020 	 103.6608
  0.7407 	 0.5556 	 -0.0094 	 0.0054 	 108.4555
  0.8025 	 0.5556 	 -0.0045 	 0.0111 	 119.5528
  0.8642 	 0.5556 	 0.0038 	 0.0116 	 122.1056
  0.9259 	 0.5556 	 0.0073 	 0.0036 	 81.2357
  0.0617 	 0.5926 	 -0.0026 	 -0.0022 	 33.9887
  0.1235 	 0.5926 	 -0.0039 	 0.0037 	 54.0226
  0.1852 	 0.5926 	 -0.0002 	 0.0081 	 80.6821
  0.2469 	 0.5926 	 0.0049 	 0.0071 	 86.6415
  0.3086 	 0.5926 	 0.0074 	 0.0025 	 77.8728
  0.3704 	 0.5926 	 0.0064 	 -0.0032 	 71.9075
  0.4321 	 0.5926 	 0.0034 	 -0.0080 	 87.3064
  0.4938 	 0.5926 	 0.0005 	 -0.0105 	 105.4916
  0.5556 	 0.5926 	 -0.0024 	 -0.0099 	 101.7198
  0.6173 	 0.5926 	 -0.0055 	 -0.0064 	 84.9161
  0.6790 	 0.5926 	 -0.0077 	 -0.0013 	 77.9529
  0.7407 	 0.5926 	 -0.0070 	 0.0041 	 80.9582
  0.8025 	 0.5926 	 -0.0034 	 0.0079 	 85.5854
  0.8642 	 0.5926 	 0.0018 	 0.0081 	 82.8675
  0.9259 	 0.5926 	 0.0044 	 0.0034 	 55.8811
  0.0617 	 0.6296 	 -0.0016 	 -0.0005 	 17.0083
  0.1235 	 0.6296 	 -0.0022 	 0.0033 	 39.6312
  0.1852 	 0.6296 	 0.0002 	 0.0058 	 57.8063
  0.2469 	 0.6296 	 0.0036 	 0.0051 	 62.0471
  0.3086 	 0.6296 	 0.0056 	 0.0018 	 59.0584
  0.3704 	 0.6296 	 0.0056 	 -0.0026 	 61.9521
  0.4321 	 0.6296 	 0.0037 	 -0.0065 	 74.5968
  0.4938 	 0.6296 	 0.0006 	 -0.0086 	 86.0218
  0.5556 	 0.6296 	 -0.0027 	 -0.0080 	 84.6654
  0.6173 	 0.6296 	 -0.0053 	 -0.0051 	 74.1487
  0.6790 	 0.6296 	 -0.0063 	 -0.0010 	 63.4503
  0.7407 	 0.6296 	 -0.0052 	 0.0030 	 60.1420
  0.8025 	 0.6296 	 -0.0025 	 0.0057 	 62.4134
  0.8642 	 0.6296 	 0.0009 	 0.0059 	 59.4461
  0.9259 	 0.6296 	 0.0026 	 0.0031 	 40.5558
  0.0617 	 0.6667 	 -0.0010 	 0.0005 	 10.8910
  0.1235 	 0.6667 	 -0.0012 	 0.0029 	 31.1736
  0.1852 	 0.6667 	 0.0004 	 0.0043 	 42.9260
  0.2469 	 0.6667 	 0.0026 	 0.0037 	 44.7601
  0.3086 	 0.6667 	 0.0038 	 0.0013 	 39.9073
  0.3704 	 0.6667 	 0.0034 	 -0.0019 	 38.8958
  0.4321 	 0.6667 	 0.0019 	 -0.0052 	 55.6467
  0.4938 	 0.6667 	 0.0002 	 -0.0074 	 73.5395
  0.5556 	 0.6667 	 -0.0015 	 -0.0067 	 69.1023
  0.6173 	 0.6667 	 -0.0032 	 -0.0040 	 51.0132
  0.6790 	 0.6667 	 -0.0042 	 -0.0008 	 42.3364
  0.7407 	 0.6667 	 -0.0037 	 0.0022 	 43.4786
  0.8025 	 0.6667 	 -0.0020 	 0.0042 	 46.3485
  0.8642 	 0.6667 	 0.0003 	 0.0044 	 44.3844
  0.9259 	 0.6667 	 0.0015 	 0.0028 	 31.5749
  0.0617 	 0.7037 	 -0.0006 	 0.0010 	 11.8171
  0.1235 	 0.7037 	 -0.0007 	 0.0026 	 26.4422
  0.1852 	 0.7037 	 0.0004 	 0.0033 	 33.3272
  0.2469 	 0.7037 	 0.0020 	 0.0027 	 33.4292
  0.3086 	 0.7037 	 0.0032 	 0.0008 	 32.7016
  0.3704 	 0.7037 	 0.0033 	 -0.0017 	 37.2682
  0.4321 	 0.7037 	 0.0022 	 -0.0043 	 48.4591
  0.4938 	 0.7037 	 0.0003 	 -0.0060 	 60.1171
  0.5556 	 0.7037 	 -0.0018 	 -0.0055 	 57.6382
  0.6173 	 0.7037 	 -0.0033 	 -0.0033 	 47.1603
  0.6790 	 0.7037 	 -0.0038 	 -0.0008 	 38.4101
  0.7407 	 0.7037 	 -0.0030 	 0.0016 	 33.8464
  0.8025 	 0.7037 	 -0.0016 	 0.0032 	 35.3078
  0.8642 	 0.7037 	 -0.0000 	 0.0035 	 34.7797
  0.9259 	 0.7037 	 0.0008 	 0.0025 	 26.5231
  0.0617 	 0.7407 	 -0.0003 	 0.0013 	 13.5795
  0.1235 	 0.7407 	 -0.0003 	 0.0023 	 23.5216
  0.1852 	 0.7407 	 0.0004 	 0.0027 	 27.0971
  0.2469 	 0.7407 	 0.0012 	 0.0021 	 24.1911
  0.3086 	 0.7407 	 0.0017 	 0.0006 	 17.6641
  0.3704 	 0.7407 	 0.0016 	 -0.0014 	 21.2214
  0.4321 	 0.7407 	 0.0011 	 -0.0037 	 38.7376
  0.4938 	 0.7407 	 0.0001 	 -0.0054 	 53.5141
  0.5556 	 0.7407 	 -0.0011 	 -0.0048 	 49.6388
  0.6173 	 0.7407 	 -0.0018 	 -0.0028 	 33.1915
  0.6790 	 0.7407 	 -0.0020 	 -0.0007 	 21.3359
  0.7407 	 0.7407 	 -0.0018 	 0.0012 	 22.0508
  0.8025 	 0.7407 	 -0.0011 	 0.0025 	 27.4992
  0.8642 	 0.7407 	 -0.0002 	 0.0028 	 28.5391
  0.9259 	 0.7407 	 0.0004 	 0.0023 	 23.4162
  0.0617 	 0.7778 	 -0.0002 	 0.0014 	 14.4555
  0.1235 	 0.7778 	 -0.0000 	 0.0022 	 21.6087
  0.1852 	 0.7778 	 0.0004 	 0.0023 	 23.5081
  0.2469 	 0.7778 	 0.0008 	 0.0018 	 19.5166
  0.3086 	 0.7778 	 0.0011 	 0.0004 	 11.5478
  0.3704 	 0.7778 	 0.0009 	 -0.0014 	 16.3190
  0.4321 	 0.7778 	 0.0004 	 -0.0033 	 33.6119
  0.4938 	 0.7778 	 -0.0001 	 -0.0047 	 46.5185
  0.5556 	 0.7778 	 -0.0006 	 -0.0042 	 42.6505
  0.6173 	 0.7778 	 -0.0011 	 -0.0026 	 27.8442
  0.6790 	 0.7778 	 -0.0014 	 -0.0007 	 15.6906
  0.7407 	 0.7778 	 -0.0013 	 0.0010 	 16.5993
  0.8025 	 0.7778 	 -0.0009 	 0.0021 	 23.1407
  0.8642 	 0.7778 	 -0.0004 	 0.0024 	 24.7410
  0.9259 	 0.7778 	 0.0001 	 0.0021 	 21.2619
  0.0617 	 0.8148 	 -0.0000 	 0.0014 	 14.2833
  0.1235 	 0.8148 	 0.0002 	 0.0020 	 20.1353
  0.1852 	 0.8148 	 0.0004 	 0.0022 	 21.9528
  0.2469 	 0.8148 	 0.0004 	 0.0018 	 18.3880
  0.3086 	 0.8148 	 -0.0000 	 0.0007 	 7.3539
  0.3704 	 0.8148 	 -0.0005 	 -0.0011 	 11.7670
  0.4321 	 0.8148 	 -0.0005 	 -0.0034 	 34.2713
  0.4938 	 0.8148 	 -0.0002 	 -0.0048 	 48.3651
  0.5556 	 0.8148 	 -0.0000 	 -0.0044 	 44.4290
  0.6173 	 0.8148 	 0.0002 	 -0.0025 	 25.0550
  0.6790 	 0.8148 	 -0.0001 	 -0.0003 	 3.6016
  0.7407 	 0.8148 	 -0.0006 	 0.0012 	 13.4519
  0.8025 	 0.8148 	 -0.0008 	 0.0020 	 21.7881
  0.8642 	 0.8148 	 -0.0005 	 0.0022 	 22.6918
  0.9259 	 0.8148 	 -0.0002 	 0.0019 	 19.4366
  0.0617 	 0.8519 	 0.0001 	 0.0013 	 13.0260
  0.1235 	 0.8519 	 0.0005 	 0.0018 	 18.7643
  0.1852 	 0.8519 	 0.0007 	 0.0021 	 21.8633
  0.2469 	 0.8519 	 0.0005 	 0.0020 	 20.6082
  0.3086 	 0.8519 	 -0.0007 	 0.0014 	 15.4378
  0.3704 	 0.8519 	 -0.0028 	 -0.0002 	 28.3923
  0.4321 	 0.8519 	 -0.0040 	 -0.0035 	 53.0981
  0.4938 	 0.8519 	 -0.0013 	 -0.0063 	 64.1371
  0.5556 	 0.8519 	 0.0030 	 -0.0055 	 62.6505
  0.6173 	 0.8519 	 0.0033 	 -0.0021 	 38.8327
  0.6790 	 0.8519 	 0.0012 	 0.0005 	 12.6397
  0.7407 	 0.8519 	 -0.0004 	 0.0017 	 17.1719
  0.8025 	 0.8519 	 -0.0010 	 0.0021 	 23.1094
  0.8642 	 0.8519 	 -0.0008 	 0.0020 	 21.8815
  0.9259 	 0.8519 	 -0.0004 	 0.0017 	 17.5707
  0.0617 	 0.8889 	 0.0003 	 0.0010 	 10.6785
  0.1235 	 0.8889 	 0.0008 	 0.0015 	 17.3554
  0.1852 	 0.8889 	 0.0012 	 0.0020 	 23.1719
  0.2469 	 0.8889 	 0.0011 	 0.0024 	 25.9987
  0.3086 	 0.8889 	 -0.0002 	 0.0026 	 26.0550
  0.3704 	 0.8889 	 -0.0036 	 0.0020 	 41.1456
  0.4321 	 0.8889 	 -0.0097 	 -0.0014 	 97.9128
  0.4938 	 0.8889 	 -0.0057 	 -0.0144 	 155.2256
  0.5556 	 0.8889 	 0.0115 	 -0.0067 	 133.3640
  0.6173 	 0.8889 	 0.0054 	 0.0003 	 54.2920
  0.6790 	 0.8889 	 0.0010 	 0.0024 	 25.5045
  0.7407 	 0.8889 	 -0.0010 	 0.0025 	 26.9300
  0.8025 	 0.8889 	 -0.0015 	 0.0022 	 27.0297
  0.8642 	 0.8889 	 -0.0013 	 0.0018 	 21.9815
  0.9259 	 0.8889 	 -0.0007 	 0.0014 	 15.4386
  0.0617 	 0.9259 	 0.0004 	 0.0007 	 7.4775
  0.1235 	 0.9259 	 0.0012 	 0.0011 	 15.9477
  0.1852 	 0.9259 	 0.0020 	 0.0017 	 25.7857
  0.2469 	 0.9259 	 0.0022 	 0.0026 	 33.6398
  0.3086 	 0.9259 	 0.0011 	 0.0037 	 38.5761
  0.3704 	 0.9259 	 -0.0030 	 0.0056 	 63.0052
  0.4321 	 0.9259 	 -0.0167 	 0.0089 	 189.1488
  0.4938 	 0.9259 	 -0.0114 	 -0.0415 	 430.1454
  0.5556 	 0.9259 	 0.0260 	 -0.0014 	 260.1076
  0.6173 	 0.9259 	 0.0064 	 0.0073 	 96.6703
  0.6790 	 0.9259 	 -0.0002 	 0.0046 	 46.1085
  0.7407 	 0.9259 	 -0.0022 	 0.0032 	 38.6446
  0.8025 	 0.9259 	 -0.0024 	 0.0022 	 32.6019
  0.8642 	 0.9259 	 -0.0018 	 0.0014 	 22.4590
  0.9259 	 0.9259 	 -0.0009 	 0.0009 	 12.9910
  0.0617 	 0.9630 	 0.0003 	 0.0002 	 4.1062
  0.1235 	 0.9630 	 0.0013 	 0.0005 	 13.5516
  0.1852 	 0.9630 	 0.0026 	 0.0009 	 27.8446
  0.2469 	 0.9630 	 0.0042 	 0.0021 	 46.7861
  0.3086 	 0.9630 	 0.0053 	 0.0038 	 65.6494
  0.3704 	 0.9630 	 0.0071 	 0.0063 	 95.4826
  0.4321 	 0.9630 	 0.0102 	 0.0130 	 165.5008
  0.4938 	 0.9630 	 0.0055 	 -0.0478 	 480.6673
  0.5556 	 0.9630 	 -0.0116 	 0.0008 	 116.4115
  0.6173 	 0.9630 	 -0.0080 	 0.0099 	 127.8963
  0.6790 	 0.9630 	 -0.0061 	 0.0051 	 79.5489
  0.7407 	 0.9630 	 -0.0049 	 0.0031 	 58.3201
  0.8025 	 0.9630 	 -0.0035 	 0.0015 	 38.1425
  0.8642 	 0.9630 	 -0.0020 	 0.0007 	 21.0356
  0.9259 	 0.9630 	 -0.0009 	 0.0004 	 9.9012
 