 x 	 y 	 u 	 v 	 m 
  0.0617 	 0.0370 	 -0.0007 	 -0.0000 	 7.0628
  0.1235 	 0.0370 	 -0.0040 	 0.0001 	 39.6403
  0.1852 	 0.0370 	 -0.0136 	 0.0004 	 135.6223
  0.2469 	 0.0370 	 -0.0341 	 0.0007 	 340.6980
  0.3086 	 0.0370 	 -0.0616 	 0.0009 	 616.1888
  0.3704 	 0.0370 	 -0.0776 	 0.0011 	 775.8003
  0.4321 	 0.0370 	 -0.0600 	 0.0018 	 600.1687
  0.4938 	 0.0370 	 -0.0088 	 0.0022 	 90.9770
  0.5556 	 0.0370 	 0.0458 	 0.0016 	 458.4154
  0.6173 	 0.0370 	 0.0729 	 0.0010 	 728.6226
  0.6790 	 0.0370 	 0.0664 	 0.0007 	 664.4845
  0.7407 	 0.0370 	 0.0432 	 0.0007 	 431.7560
  0.8025 	 0.0370 	 0.0212 	 0.0006 	 211.5823
  0.8642 	 0.0370 	 0.0080 	 0.0002 	 80.0531
  0.9259 	 0.0370 	 0.0024 	 0.0001 	 23.7804
  0.0617 	 0.0741 	 -0.0008 	 0.0000 	 8.3291
  0.1235 	 0.0741 	 -0.0042 	 0.0001 	 42.3719
  0.1852 	 0.0741 	 -0.0153 	 0.0004 	 152.6012
  0.2469 	 0.0741 	 -0.0404 	 0.0011 	 403.8258
  0.3086 	 0.0741 	 -0.0771 	 0.0021 	 771.2796
  0.3704 	 0.0741 	 -0.1019 	 0.0027 	 1018.9677
  0.4321 	 0.0741 	 -0.0816 	 0.0024 	 816.1324
  0.4938 	 0.0741 	 -0.0133 	 0.0016 	 134.0379
  0.5556 	 0.0741 	 0.0625 	 0.0017 	 624.9557
  0.6173 	 0.0741 	 0.0982 	 0.0021 	 982.2355
  0.6790 	 0.0741 	 0.0860 	 0.0023 	 860.7728
  0.7407 	 0.0741 	 0.0525 	 0.0016 	 525.1286
  0.8025 	 0.0741 	 0.0239 	 0.0007 	 239.0614
  0.8642 	 0.0741 	 0.0085 	 0.0002 	 84.8879
  0.9259 	 0.0741 	 0.0024 	 0.0000 	 24.1765
  0.0617 	 0.1111 	 -0.0007 	 -0.0000 	 7.3399
  0.1235 	 0.1111 	 -0.0037 	 -0.0001 	 37.2729
  0.1852 	 0.1111 	 -0.0137 	 -0.0001 	 136.9634
  0.2469 	 0.1111 	 -0.0372 	 0.0001 	 372.4641
  0.3086 	 0.1111 	 -0.0734 	 0.0008 	 734.2689
  0.3704 	 0.1111 	 -0.0993 	 0.0021 	 993.6853
  0.4321 	 0.1111 	 -0.0807 	 0.0029 	 807.4146
  0.4938 	 0.1111 	 -0.0121 	 0.0035 	 125.7245
  0.5556 	 0.1111 	 0.0632 	 0.0034 	 633.2642
  0.6173 	 0.1111 	 0.0965 	 0.0025 	 965.3895
  0.6790 	 0.1111 	 0.0817 	 0.0014 	 816.7208
  0.7407 	 0.1111 	 0.0480 	 0.0004 	 480.3041
  0.8025 	 0.1111 	 0.0213 	 -0.0000 	 213.4910
  0.8642 	 0.1111 	 0.0075 	 -0.0001 	 75.4518
  0.9259 	 0.1111 	 0.0022 	 -0.0000 	 21.7627
  0.0617 	 0.1481 	 -0.0006 	 -0.0000 	 6.3565
  0.1235 	 0.1481 	 -0.0032 	 -0.0001 	 31.9272
  0.1852 	 0.1481 	 -0.0113 	 -0.0004 	 113.1217
  0.2469 	 0.1481 	 -0.0295 	 -0.0008 	 295.4558
  0.3086 	 0.1481 	 -0.0555 	 -0.0008 	 555.4167
  0.3704 	 0.1481 	 -0.0722 	 0.0005 	 721.7122
  0.4321 	 0.1481 	 -0.0565 	 0.0034 	 566.3522
  0.4938 	 0.1481 	 -0.0072 	 0.0055 	 90.4843
  0.5556 	 0.1481 	 0.0450 	 0.0047 	 452.0395
  0.6173 	 0.1481 	 0.0683 	 0.0021 	 682.9960
  0.6790 	 0.1481 	 0.0594 	 -0.0002 	 593.5656
  0.7407 	 0.1481 	 0.0368 	 -0.0009 	 368.3606
  0.8025 	 0.1481 	 0.0176 	 -0.0006 	 175.7654
  0.8642 	 0.1481 	 0.0066 	 -0.0002 	 66.4022
  0.9259 	 0.1481 	 0.0020 	 -0.0001 	 20.1281
  0.0617 	 0.1852 	 -0.0007 	 -0.0000 	 7.0055
  0.1235 	 0.1852 	 -0.0034 	 -0.0000 	 34.4558
  0.1852 	 0.1852 	 -0.0119 	 -0.0001 	 119.1830
  0.2469 	 0.1852 	 -0.0300 	 -0.0004 	 300.0658
  0.3086 	 0.1852 	 -0.0540 	 -0.0003 	 540.3362
  0.3704 	 0.1852 	 -0.0676 	 0.0004 	 675.9274
  0.4321 	 0.1852 	 -0.0515 	 0.0022 	 515.6439
  0.4938 	 0.1852 	 -0.0073 	 0.0033 	 80.5891
  0.5556 	 0.1852 	 0.0398 	 0.0027 	 398.6484
  0.6173 	 0.1852 	 0.0629 	 0.0012 	 629.6012
  0.6790 	 0.1852 	 0.0576 	 -0.0001 	 575.6218
  0.7407 	 0.1852 	 0.0377 	 -0.0002 	 377.3605
  0.8025 	 0.1852 	 0.0187 	 -0.0001 	 186.6571
  0.8642 	 0.1852 	 0.0071 	 -0.0001 	 71.4525
  0.9259 	 0.1852 	 0.0022 	 -0.0000 	 21.7260
  0.0617 	 0.2222 	 -0.0008 	 -0.0000 	 8.3895
  0.1235 	 0.2222 	 -0.0041 	 -0.0000 	 41.2117
  0.1852 	 0.2222 	 -0.0145 	 0.0001 	 145.0579
  0.2469 	 0.2222 	 -0.0375 	 0.0003 	 375.3292
  0.3086 	 0.2222 	 -0.0704 	 0.0007 	 704.4889
  0.3704 	 0.2222 	 -0.0917 	 0.0010 	 917.1753
  0.4321 	 0.2222 	 -0.0730 	 0.0008 	 730.4596
  0.4938 	 0.2222 	 -0.0119 	 0.0003 	 119.2191
  0.5556 	 0.2222 	 0.0554 	 0.0004 	 553.7633
  0.6173 	 0.2222 	 0.0879 	 0.0006 	 879.0860
  0.6790 	 0.2222 	 0.0782 	 0.0009 	 781.8232
  0.7407 	 0.2222 	 0.0486 	 0.0006 	 486.5162
  0.8025 	 0.2222 	 0.0227 	 0.0002 	 227.2078
  0.8642 	 0.2222 	 0.0083 	 0.0000 	 83.0189
  0.9259 	 0.2222 	 0.0024 	 -0.0000 	 24.2495
  0.0617 	 0.2593 	 -0.0009 	 -0.0000 	 8.7649
  0.1235 	 0.2593 	 -0.0043 	 -0.0001 	 42.9273
  0.1852 	 0.2593 	 -0.0152 	 -0.0002 	 152.4659
  0.2469 	 0.2593 	 -0.0404 	 -0.0001 	 403.5501
  0.3086 	 0.2593 	 -0.0777 	 0.0002 	 776.9667
  0.3704 	 0.2593 	 -0.1039 	 0.0008 	 1038.9711
  0.4321 	 0.2593 	 -0.0838 	 0.0010 	 838.3275
  0.4938 	 0.2593 	 -0.0132 	 0.0010 	 132.3295
  0.5556 	 0.2593 	 0.0650 	 0.0011 	 649.8584
  0.6173 	 0.2593 	 0.1007 	 0.0009 	 1007.3027
  0.6790 	 0.2593 	 0.0867 	 0.0007 	 867.5172
  0.7407 	 0.2593 	 0.0520 	 0.0001 	 520.2017
  0.8025 	 0.2593 	 0.0236 	 -0.0001 	 235.5596
  0.8642 	 0.2593 	 0.0084 	 -0.0001 	 84.3115
  0.9259 	 0.2593 	 0.0024 	 -0.0001 	 24.4703
  0.0617 	 0.2963 	 -0.0008 	 -0.0001 	 7.7279
  0.1235 	 0.2963 	 -0.0038 	 -0.0002 	 37.5824
  0.1852 	 0.2963 	 -0.0130 	 -0.0005 	 130.2771
  0.2469 	 0.2963 	 -0.0335 	 -0.0010 	 334.9079
  0.3086 	 0.2963 	 -0.0623 	 -0.0010 	 622.8189
  0.3704 	 0.2963 	 -0.0803 	 0.0007 	 802.6751
  0.4321 	 0.2963 	 -0.0628 	 0.0038 	 629.5803
  0.4938 	 0.2963 	 -0.0084 	 0.0061 	 103.7813
  0.5556 	 0.2963 	 0.0498 	 0.0054 	 500.9288
  0.6173 	 0.2963 	 0.0765 	 0.0027 	 765.3643
  0.6790 	 0.2963 	 0.0670 	 0.0002 	 669.8359
  0.7407 	 0.2963 	 0.0417 	 -0.0007 	 416.7090
  0.8025 	 0.2963 	 0.0198 	 -0.0005 	 197.7814
  0.8642 	 0.2963 	 0.0074 	 -0.0003 	 73.9006
  0.9259 	 0.2963 	 0.0022 	 -0.0001 	 22.3507
  0.0617 	 0.3333 	 -0.0007 	 -0.0001 	 7.1838
  0.1235 	 0.3333 	 -0.0035 	 -0.0001 	 34.5932
  0.1852 	 0.3333 	 -0.0117 	 -0.0001 	 117.1179
  0.2469 	 0.3333 	 -0.0287 	 0.0003 	 287.4878
  0.3086 	 0.3333 	 -0.0508 	 0.0017 	 508.2527
  0.3704 	 0.3333 	 -0.0622 	 0.0052 	 623.9909
  0.4321 	 0.3333 	 -0.0467 	 0.0098 	 477.0806
  0.4938 	 0.3333 	 -0.0060 	 0.0125 	 138.4630
  0.5556 	 0.3333 	 0.0367 	 0.0112 	 383.5898
  0.6173 	 0.3333 	 0.0578 	 0.0075 	 583.2114
  0.6790 	 0.3333 	 0.0533 	 0.0038 	 534.1448
  0.7407 	 0.3333 	 0.0353 	 0.0017 	 353.7374
  0.8025 	 0.3333 	 0.0177 	 0.0006 	 177.0209
  0.8642 	 0.3333 	 0.0069 	 0.0002 	 69.1299
  0.9259 	 0.3333 	 0.0021 	 0.0000 	 21.3155
  0.0617 	 0.3704 	 -0.0008 	 -0.0000 	 7.5424
  0.1235 	 0.3704 	 -0.0038 	 0.0004 	 37.8715
  0.1852 	 0.3704 	 -0.0129 	 0.0015 	 130.0446
  0.2469 	 0.3704 	 -0.0325 	 0.0045 	 328.5267
  0.3086 	 0.3704 	 -0.0597 	 0.0096 	 605.0918
  0.3704 	 0.3704 	 -0.0770 	 0.0151 	 784.1129
  0.4321 	 0.3704 	 -0.0608 	 0.0179 	 634.2973
  0.4938 	 0.3704 	 -0.0100 	 0.0175 	 201.7097
  0.5556 	 0.3704 	 0.0461 	 0.0162 	 488.4956
  0.6173 	 0.3704 	 0.0737 	 0.0146 	 751.2535
  0.6790 	 0.3704 	 0.0662 	 0.0118 	 672.1358
  0.7407 	 0.3704 	 0.0416 	 0.0076 	 422.9024
  0.8025 	 0.3704 	 0.0198 	 0.0037 	 201.7170
  0.8642 	 0.3704 	 0.0074 	 0.0014 	 75.1477
  0.9259 	 0.3704 	 0.0022 	 0.0004 	 22.1745
  0.0617 	 0.4074 	 -0.0007 	 0.0000 	 6.6540
  0.1235 	 0.4074 	 -0.0038 	 0.0010 	 39.2216
  0.1852 	 0.4074 	 -0.0135 	 0.0037 	 139.8117
  0.2469 	 0.4074 	 -0.0361 	 0.0101 	 374.4739
  0.3086 	 0.4074 	 -0.0708 	 0.0191 	 732.9621
  0.3704 	 0.4074 	 -0.0972 	 0.0247 	 1002.5802
  0.4321 	 0.4074 	 -0.0808 	 0.0217 	 836.8456
  0.4938 	 0.4074 	 -0.0144 	 0.0147 	 205.4361
  0.5556 	 0.4074 	 0.0614 	 0.0143 	 630.7874
  0.6173 	 0.4074 	 0.0961 	 0.0190 	 979.3877
  0.6790 	 0.4074 	 0.0815 	 0.0203 	 839.7562
  0.7407 	 0.4074 	 0.0477 	 0.0147 	 498.8068
  0.8025 	 0.4074 	 0.0209 	 0.0074 	 221.5997
  0.8642 	 0.4074 	 0.0073 	 0.0027 	 77.6762
  0.9259 	 0.4074 	 0.0020 	 0.0007 	 21.3874
  0.0617 	 0.4444 	 0.0000 	 0.0011 	 11.3500
  0.1235 	 0.4444 	 -0.0013 	 0.0010 	 16.3906
  0.1852 	 0.4444 	 -0.0032 	 0.0037 	 48.9116
  0.2469 	 0.4444 	 -0.0040 	 0.0100 	 107.7323
  0.3086 	 0.4444 	 -0.0005 	 0.0194 	 193.9884
  0.3704 	 0.4444 	 0.0088 	 0.0248 	 262.9400
  0.4321 	 0.4444 	 0.0134 	 0.0221 	 258.6665
  0.4938 	 0.4444 	 0.0052 	 0.0143 	 152.1263
  0.5556 	 0.4444 	 -0.0083 	 0.0140 	 163.0961
  0.6173 	 0.4444 	 -0.0127 	 0.0187 	 226.4014
  0.6790 	 0.4444 	 -0.0056 	 0.0202 	 209.2540
  0.7407 	 0.4444 	 0.0015 	 0.0145 	 146.0507
  0.8025 	 0.4444 	 0.0036 	 0.0074 	 82.4647
  0.8642 	 0.4444 	 0.0023 	 0.0027 	 35.7434
  0.9259 	 0.4444 	 0.0010 	 0.0008 	 12.2788
  0.0617 	 0.4815 	 -0.0004 	 0.0001 	 4.5535
  0.1235 	 0.4815 	 -0.0010 	 0.0006 	 11.8530
  0.1852 	 0.4815 	 -0.0028 	 0.0022 	 35.3881
  0.2469 	 0.4815 	 -0.0055 	 0.0058 	 80.2126
  0.3086 	 0.4815 	 -0.0075 	 0.0115 	 136.7844
  0.3704 	 0.4815 	 -0.0064 	 0.0164 	 176.3892
  0.4321 	 0.4815 	 -0.0027 	 0.0181 	 182.7738
  0.4938 	 0.4815 	 0.0008 	 0.0165 	 164.6975
  0.5556 	 0.4815 	 0.0027 	 0.0152 	 154.4095
  0.6173 	 0.4815 	 0.0046 	 0.0146 	 153.0127
  0.6790 	 0.4815 	 0.0059 	 0.0126 	 138.6962
  0.7407 	 0.4815 	 0.0056 	 0.0085 	 102.1020
  0.8025 	 0.4815 	 0.0038 	 0.0044 	 58.0655
  0.8642 	 0.4815 	 0.0019 	 0.0017 	 25.7672
  0.9259 	 0.4815 	 0.0007 	 0.0005 	 9.0597
  0.0617 	 0.5185 	 -0.0002 	 -0.0000 	 2.0992
  0.1235 	 0.5185 	 -0.0006 	 0.0003 	 6.3203
  0.1852 	 0.5185 	 -0.0015 	 0.0011 	 18.6507
  0.2469 	 0.5185 	 -0.0032 	 0.0028 	 42.8824
  0.3086 	 0.5185 	 -0.0048 	 0.0058 	 75.3054
  0.3704 	 0.5185 	 -0.0050 	 0.0090 	 102.7975
  0.4321 	 0.5185 	 -0.0031 	 0.0110 	 114.7193
  0.4938 	 0.5185 	 -0.0001 	 0.0113 	 112.7777
  0.5556 	 0.5185 	 0.0025 	 0.0104 	 107.2998
  0.6173 	 0.5185 	 0.0041 	 0.0090 	 99.0777
  0.6790 	 0.5185 	 0.0044 	 0.0070 	 82.4080
  0.7407 	 0.5185 	 0.0036 	 0.0045 	 57.6562
  0.8025 	 0.5185 	 0.0022 	 0.0023 	 32.3588
  0.8642 	 0.5185 	 0.0011 	 0.0010 	 14.5401
  0.9259 	 0.5185 	 0.0004 	 0.0003 	 5.3362
  0.0617 	 0.5556 	 -0.0001 	 -0.0000 	 0.8830
  0.1235 	 0.5556 	 -0.0003 	 0.0001 	 2.8972
  0.1852 	 0.5556 	 -0.0008 	 0.0004 	 8.8002
  0.2469 	 0.5556 	 -0.0017 	 0.0011 	 20.5612
  0.3086 	 0.5556 	 -0.0027 	 0.0024 	 36.6728
  0.3704 	 0.5556 	 -0.0031 	 0.0041 	 51.4118
  0.4321 	 0.5556 	 -0.0022 	 0.0055 	 58.9517
  0.4938 	 0.5556 	 -0.0003 	 0.0060 	 60.1988
  0.5556 	 0.5556 	 0.0016 	 0.0056 	 58.5529
  0.6173 	 0.5556 	 0.0027 	 0.0046 	 53.5708
  0.6790 	 0.5556 	 0.0027 	 0.0034 	 43.0389
  0.7407 	 0.5556 	 0.0020 	 0.0021 	 29.1294
  0.8025 	 0.5556 	 0.0012 	 0.0011 	 16.2019
  0.8642 	 0.5556 	 0.0006 	 0.0004 	 7.2821
  0.9259 	 0.5556 	 0.0002 	 0.0001 	 2.6890
  0.0617 	 0.5926 	 -0.0001 	 -0.0000 	 0.7470
  0.1235 	 0.5926 	 -0.0002 	 0.0000 	 2.4852
  0.1852 	 0.5926 	 -0.0007 	 0.0001 	 6.9828
  0.2469 	 0.5926 	 -0.0015 	 0.0003 	 15.3975
  0.3086 	 0.5926 	 -0.0025 	 0.0008 	 25.9926
  0.3704 	 0.5926 	 -0.0029 	 0.0016 	 32.9183
  0.4321 	 0.5926 	 -0.0022 	 0.0023 	 31.7295
  0.4938 	 0.5926 	 -0.0004 	 0.0027 	 27.3244
  0.5556 	 0.5926 	 0.0016 	 0.0026 	 30.1279
  0.6173 	 0.5926 	 0.0026 	 0.0020 	 33.2507
  0.6790 	 0.5926 	 0.0026 	 0.0014 	 29.3730
  0.7407 	 0.5926 	 0.0019 	 0.0008 	 20.3564
  0.8025 	 0.5926 	 0.0010 	 0.0004 	 11.2586
  0.8642 	 0.5926 	 0.0005 	 0.0002 	 5.0525
  0.9259 	 0.5926 	 0.0002 	 0.0000 	 1.8649
  0.0617 	 0.6296 	 -0.0000 	 -0.0000 	 0.5289
  0.1235 	 0.6296 	 -0.0002 	 -0.0000 	 1.7101
  0.1852 	 0.6296 	 -0.0005 	 -0.0000 	 4.8983
  0.2469 	 0.6296 	 -0.0011 	 -0.0000 	 10.7947
  0.3086 	 0.6296 	 -0.0018 	 0.0002 	 17.8595
  0.3704 	 0.6296 	 -0.0021 	 0.0005 	 21.7755
  0.4321 	 0.6296 	 -0.0016 	 0.0009 	 18.4674
  0.4938 	 0.6296 	 -0.0002 	 0.0012 	 12.4826
  0.5556 	 0.6296 	 0.0012 	 0.0012 	 16.4736
  0.6173 	 0.6296 	 0.0020 	 0.0008 	 21.2413
  0.6790 	 0.6296 	 0.0019 	 0.0004 	 19.3257
  0.7407 	 0.6296 	 0.0013 	 0.0002 	 13.3147
  0.8025 	 0.6296 	 0.0007 	 0.0001 	 7.2456
  0.8642 	 0.6296 	 0.0003 	 0.0000 	 3.1605
  0.9259 	 0.6296 	 0.0001 	 -0.0000 	 1.1404
  0.0617 	 0.6667 	 -0.0000 	 -0.0000 	 0.5654
  0.1235 	 0.6667 	 -0.0002 	 -0.0000 	 1.9911
  0.1852 	 0.6667 	 -0.0005 	 -0.0001 	 5.4588
  0.2469 	 0.6667 	 -0.0012 	 -0.0001 	 11.6234
  0.3086 	 0.6667 	 -0.0019 	 -0.0001 	 18.8235
  0.3704 	 0.6667 	 -0.0022 	 0.0001 	 22.1031
  0.4321 	 0.6667 	 -0.0017 	 0.0004 	 17.0354
  0.4938 	 0.6667 	 -0.0003 	 0.0006 	 6.1850
  0.5556 	 0.6667 	 0.0012 	 0.0005 	 13.4267
  0.6173 	 0.6667 	 0.0021 	 0.0003 	 20.8375
  0.6790 	 0.6667 	 0.0020 	 0.0001 	 20.0356
  0.7407 	 0.6667 	 0.0014 	 -0.0000 	 14.0855
  0.8025 	 0.6667 	 0.0008 	 -0.0000 	 7.6870
  0.8642 	 0.6667 	 0.0003 	 -0.0000 	 3.3829
  0.9259 	 0.6667 	 0.0001 	 -0.0000 	 1.2226
  0.0617 	 0.7037 	 -0.0001 	 -0.0000 	 0.6640
  0.1235 	 0.7037 	 -0.0002 	 -0.0001 	 2.1437
  0.1852 	 0.7037 	 -0.0006 	 -0.0001 	 5.6668
  0.2469 	 0.7037 	 -0.0012 	 -0.0001 	 11.7375
  0.3086 	 0.7037 	 -0.0019 	 -0.0001 	 18.5821
  0.3704 	 0.7037 	 -0.0022 	 -0.0000 	 21.5998
  0.4321 	 0.7037 	 -0.0016 	 0.0002 	 16.2094
  0.4938 	 0.7037 	 -0.0003 	 0.0004 	 4.7503
  0.5556 	 0.7037 	 0.0012 	 0.0004 	 12.6027
  0.6173 	 0.7037 	 0.0020 	 0.0001 	 20.2556
  0.6790 	 0.7037 	 0.0020 	 -0.0001 	 19.6785
  0.7407 	 0.7037 	 0.0014 	 -0.0001 	 13.9832
  0.8025 	 0.7037 	 0.0008 	 -0.0001 	 7.7745
  0.8642 	 0.7037 	 0.0003 	 -0.0001 	 3.4836
  0.9259 	 0.7037 	 0.0001 	 -0.0000 	 1.3046
  0.0617 	 0.7407 	 -0.0000 	 -0.0000 	 0.5358
  0.1235 	 0.7407 	 -0.0002 	 -0.0001 	 1.8336
  0.1852 	 0.7407 	 -0.0005 	 -0.0001 	 4.8788
  0.2469 	 0.7407 	 -0.0010 	 -0.0001 	 10.1123
  0.3086 	 0.7407 	 -0.0016 	 -0.0002 	 15.8611
  0.3704 	 0.7407 	 -0.0018 	 -0.0000 	 18.1866
  0.4321 	 0.7407 	 -0.0013 	 0.0002 	 13.5605
  0.4938 	 0.7407 	 -0.0002 	 0.0003 	 3.8411
  0.5556 	 0.7407 	 0.0010 	 0.0003 	 10.5585
  0.6173 	 0.7407 	 0.0017 	 0.0001 	 17.0910
  0.6790 	 0.7407 	 0.0017 	 -0.0001 	 16.5878
  0.7407 	 0.7407 	 0.0012 	 -0.0002 	 11.9081
  0.8025 	 0.7407 	 0.0007 	 -0.0001 	 6.6283
  0.8642 	 0.7407 	 0.0003 	 -0.0001 	 2.9822
  0.9259 	 0.7407 	 0.0001 	 -0.0000 	 1.1190
  0.0617 	 0.7778 	 -0.0001 	 -0.0000 	 0.8246
  0.1235 	 0.7778 	 -0.0003 	 -0.0001 	 2.5999
  0.1852 	 0.7778 	 -0.0006 	 -0.0001 	 6.5163
  0.2469 	 0.7778 	 -0.0013 	 -0.0002 	 12.8164
  0.3086 	 0.7778 	 -0.0020 	 -0.0002 	 19.6700
  0.3704 	 0.7778 	 -0.0022 	 -0.0000 	 22.3786
  0.4321 	 0.7778 	 -0.0016 	 0.0002 	 16.5459
  0.4938 	 0.7778 	 -0.0003 	 0.0003 	 4.1627
  0.5556 	 0.7778 	 0.0012 	 0.0003 	 12.6788
  0.6173 	 0.7778 	 0.0021 	 0.0001 	 20.8606
  0.6790 	 0.7778 	 0.0021 	 -0.0001 	 20.8598
  0.7407 	 0.7778 	 0.0015 	 -0.0002 	 15.1711
  0.8025 	 0.7778 	 0.0009 	 -0.0001 	 8.7319
  0.8642 	 0.7778 	 0.0004 	 -0.0001 	 4.0630
  0.9259 	 0.7778 	 0.0002 	 -0.0000 	 1.5722
  0.0617 	 0.8148 	 -0.0001 	 -0.0000 	 0.6346
  0.1235 	 0.8148 	 -0.0002 	 -0.0001 	 2.0088
  0.1852 	 0.8148 	 -0.0005 	 -0.0001 	 4.9688
  0.2469 	 0.8148 	 -0.0010 	 -0.0002 	 9.8057
  0.3086 	 0.8148 	 -0.0015 	 -0.0002 	 14.7041
  0.3704 	 0.8148 	 -0.0016 	 -0.0000 	 16.3185
  0.4321 	 0.8148 	 -0.0012 	 0.0002 	 11.9726
  0.4938 	 0.8148 	 -0.0002 	 0.0004 	 3.8823
  0.5556 	 0.8148 	 0.0009 	 0.0003 	 9.3953
  0.6173 	 0.8148 	 0.0015 	 0.0001 	 15.3158
  0.6790 	 0.8148 	 0.0015 	 -0.0001 	 15.1180
  0.7407 	 0.8148 	 0.0011 	 -0.0002 	 11.3082
  0.8025 	 0.8148 	 0.0006 	 -0.0001 	 6.5549
  0.8642 	 0.8148 	 0.0003 	 -0.0001 	 3.1113
  0.9259 	 0.8148 	 0.0001 	 -0.0000 	 1.2446
  0.0617 	 0.8519 	 -0.0001 	 -0.0000 	 0.8698
  0.1235 	 0.8519 	 -0.0003 	 -0.0001 	 2.7095
  0.1852 	 0.8519 	 -0.0007 	 -0.0001 	 6.5858
  0.2469 	 0.8519 	 -0.0012 	 -0.0002 	 12.5055
  0.3086 	 0.8519 	 -0.0019 	 -0.0001 	 18.7156
  0.3704 	 0.8519 	 -0.0021 	 -0.0000 	 20.8824
  0.4321 	 0.8519 	 -0.0015 	 0.0002 	 15.2961
  0.4938 	 0.8519 	 -0.0003 	 0.0003 	 3.9154
  0.5556 	 0.8519 	 0.0011 	 0.0002 	 11.6742
  0.6173 	 0.8519 	 0.0019 	 0.0001 	 19.4039
  0.6790 	 0.8519 	 0.0020 	 -0.0001 	 19.7575
  0.7407 	 0.8519 	 0.0015 	 -0.0002 	 14.6527
  0.8025 	 0.8519 	 0.0009 	 -0.0001 	 8.6669
  0.8642 	 0.8519 	 0.0004 	 -0.0001 	 4.1463
  0.9259 	 0.8519 	 0.0002 	 -0.0000 	 1.6483
  0.0617 	 0.8889 	 -0.0001 	 -0.0000 	 0.8558
  0.1235 	 0.8889 	 -0.0002 	 -0.0001 	 2.5534
  0.1852 	 0.8889 	 -0.0006 	 -0.0001 	 5.8522
  0.2469 	 0.8889 	 -0.0011 	 -0.0002 	 10.9773
  0.3086 	 0.8889 	 -0.0016 	 -0.0002 	 15.9211
  0.3704 	 0.8889 	 -0.0017 	 -0.0000 	 17.3723
  0.4321 	 0.8889 	 -0.0012 	 0.0002 	 12.6056
  0.4938 	 0.8889 	 -0.0002 	 0.0004 	 4.0231
  0.5556 	 0.8889 	 0.0009 	 0.0003 	 9.8183
  0.6173 	 0.8889 	 0.0016 	 0.0001 	 16.1808
  0.6790 	 0.8889 	 0.0016 	 -0.0001 	 16.4448
  0.7407 	 0.8889 	 0.0012 	 -0.0002 	 12.5871
  0.8025 	 0.8889 	 0.0007 	 -0.0001 	 7.5766
  0.8642 	 0.8889 	 0.0004 	 -0.0001 	 3.7580
  0.9259 	 0.8889 	 0.0001 	 -0.0001 	 1.5791
  0.0617 	 0.9259 	 -0.0001 	 -0.0000 	 0.7883
  0.1235 	 0.9259 	 -0.0002 	 -0.0000 	 2.4772
  0.1852 	 0.9259 	 -0.0006 	 -0.0001 	 5.8636
  0.2469 	 0.9259 	 -0.0011 	 -0.0001 	 10.8229
  0.3086 	 0.9259 	 -0.0016 	 -0.0001 	 15.8602
  0.3704 	 0.9259 	 -0.0017 	 0.0000 	 17.3754
  0.4321 	 0.9259 	 -0.0013 	 0.0002 	 12.7029
  0.4938 	 0.9259 	 -0.0002 	 0.0002 	 3.1995
  0.5556 	 0.9259 	 0.0009 	 0.0002 	 9.5456
  0.6173 	 0.9259 	 0.0016 	 0.0000 	 16.2252
  0.6790 	 0.9259 	 0.0017 	 -0.0001 	 16.5886
  0.7407 	 0.9259 	 0.0013 	 -0.0001 	 12.5814
  0.8025 	 0.9259 	 0.0008 	 -0.0001 	 7.5536
  0.8642 	 0.9259 	 0.0004 	 -0.0001 	 3.7123
  0.9259 	 0.9259 	 0.0001 	 -0.0000 	 1.4968
  0.0617 	 0.9630 	 -0.0001 	 -0.0000 	 0.9951
  0.1235 	 0.9630 	 -0.0003 	 -0.0000 	 2.9395
  0.1852 	 0.9630 	 -0.0007 	 -0.0000 	 6.6268
  0.2469 	 0.9630 	 -0.0012 	 -0.0000 	 12.2549
  0.3086 	 0.9630 	 -0.0018 	 0.0000 	 17.7464
  0.3704 	 0.9630 	 -0.0019 	 0.0000 	 19.4382
  0.4321 	 0.9630 	 -0.0014 	 0.0001 	 14.0181
  0.4938 	 0.9630 	 -0.0002 	 0.0001 	 2.5199
  0.5556 	 0.9630 	 0.0010 	 0.0000 	 10.3121
  0.6173 	 0.9630 	 0.0018 	 -0.0000 	 18.0469
  0.6790 	 0.9630 	 0.0019 	 -0.0000 	 18.7382
  0.7407 	 0.9630 	 0.0014 	 -0.0000 	 14.3057
  0.8025 	 0.9630 	 0.0009 	 -0.0000 	 8.6560
  0.8642 	 0.9630 	 0.0004 	 0.0000 	 4.2540
  0.9259 	 0.9630 	 0.0002 	 -0.0000 	 1.7764
 