 x 	 y 	 u 	 v 	 m 
  0.0617 	 0.0370 	 -0.0000 	 0.0000 	 0.0000
  0.1235 	 0.0370 	 -0.0000 	 0.0000 	 0.0000
  0.1852 	 0.0370 	 -0.0000 	 0.0000 	 0.0000
  0.2469 	 0.0370 	 -0.0000 	 0.0000 	 0.0000
  0.3086 	 0.0370 	 -0.0000 	 0.0000 	 0.0000
  0.3704 	 0.0370 	 -0.0000 	 0.0000 	 0.0000
  0.4321 	 0.0370 	 -0.0000 	 0.0000 	 0.0000
  0.4938 	 0.0370 	 -0.0000 	 0.0000 	 0.0000
  0.5556 	 0.0370 	 0.0000 	 0.0000 	 0.0000
  0.6173 	 0.0370 	 0.0000 	 0.0000 	 0.0000
  0.6790 	 0.0370 	 0.0000 	 0.0000 	 0.0000
  0.7407 	 0.0370 	 0.0000 	 0.0000 	 0.0000
  0.8025 	 0.0370 	 0.0000 	 0.0000 	 0.0000
  0.8642 	 0.0370 	 0.0000 	 0.0000 	 0.0000
  0.9259 	 0.0370 	 0.0000 	 0.0000 	 0.0000
  0.0617 	 0.0741 	 -0.0000 	 0.0000 	 0.0000
  0.1235 	 0.0741 	 -0.0000 	 0.0000 	 0.0000
  0.1852 	 0.0741 	 -0.0000 	 0.0000 	 0.0000
  0.2469 	 0.0741 	 -0.0000 	 0.0000 	 0.0000
  0.3086 	 0.0741 	 -0.0000 	 0.0000 	 0.0000
  0.3704 	 0.0741 	 -0.0000 	 -0.0000 	 0.0000
  0.4321 	 0.0741 	 -0.0000 	 -0.0000 	 0.0000
  0.4938 	 0.0741 	 -0.0000 	 -0.0000 	 0.0000
  0.5556 	 0.0741 	 0.0000 	 -0.0000 	 0.0000
  0.6173 	 0.0741 	 0.0000 	 -0.0000 	 0.0000
  0.6790 	 0.0741 	 0.0000 	 0.0000 	 0.0000
  0.7407 	 0.0741 	 0.0000 	 0.0000 	 0.0000
  0.8025 	 0.0741 	 0.0000 	 0.0000 	 0.0000
  0.8642 	 0.0741 	 0.0000 	 0.0000 	 0.0000
  0.9259 	 0.0741 	 0.0000 	 0.0000 	 0.0000
  0.0617 	 0.1111 	 -0.0000 	 -0.0000 	 0.0000
  0.1235 	 0.1111 	 -0.0000 	 -0.0000 	 0.0000
  0.1852 	 0.1111 	 -0.0000 	 -0.0000 	 0.0000
  0.2469 	 0.1111 	 -0.0000 	 -0.0000 	 0.0000
  0.3086 	 0.1111 	 -0.0000 	 -0.0000 	 0.0000
  0.3704 	 0.1111 	 -0.0000 	 -0.0000 	 0.0000
  0.4321 	 0.1111 	 -0.0000 	 -0.0000 	 0.0000
  0.4938 	 0.1111 	 -0.0000 	 -0.0000 	 0.0000
  0.5556 	 0.1111 	 0.0000 	 -0.0000 	 0.0000
  0.6173 	 0.1111 	 0.0000 	 -0.0000 	 0.0000
  0.6790 	 0.1111 	 0.0000 	 -0.0000 	 0.0000
  0.7407 	 0.1111 	 0.0000 	 -0.0000 	 0.0000
  0.8025 	 0.1111 	 0.0000 	 -0.0000 	 0.0000
  0.8642 	 0.1111 	 0.0000 	 -0.0000 	 0.0000
  0.9259 	 0.1111 	 0.0000 	 -0.0000 	 0.0000
  0.0617 	 0.1481 	 -0.0000 	 0.0000 	 0.0000
  0.1235 	 0.1481 	 -0.0000 	 0.0000 	 0.0000
  0.1852 	 0.1481 	 -0.0000 	 0.0000 	 0.0000
  0.2469 	 0.1481 	 -0.0000 	 -0.0000 	 0.0000
  0.3086 	 0.1481 	 -0.0000 	 -0.0000 	 0.0000
  0.3704 	 0.1481 	 -0.0000 	 -0.0000 	 0.0000
  0.4321 	 0.1481 	 -0.0000 	 -0.0000 	 0.0000
  0.4938 	 0.1481 	 -0.0000 	 -0.0000 	 0.0000
  0.5556 	 0.1481 	 0.0000 	 -0.0000 	 0.0000
  0.6173 	 0.1481 	 0.0000 	 -0.0000 	 0.0000
  0.6790 	 0.1481 	 0.0000 	 -0.0000 	 0.0000
  0.7407 	 0.1481 	 0.0000 	 -0.0000 	 0.0000
  0.8025 	 0.1481 	 0.0000 	 0.0000 	 0.0000
  0.8642 	 0.1481 	 0.0000 	 0.0000 	 0.0000
  0.9259 	 0.1481 	 0.0000 	 0.0000 	 0.0000
  0.0617 	 0.1852 	 -0.0000 	 0.0000 	 0.0000
  0.1235 	 0.1852 	 -0.0000 	 0.0000 	 0.0000
  0.1852 	 0.1852 	 -0.0150 	 0.0117 	 190.5341
  0.2469 	 0.1852 	 -0.0293 	 0.0159 	 333.6605
  0.3086 	 0.1852 	 -0.0427 	 0.0220 	 480.2158
  0.3704 	 0.1852 	 -0.0498 	 0.0299 	 581.2622
  0.4321 	 0.1852 	 -0.0365 	 0.0297 	 470.4746
  0.4938 	 0.1852 	 -0.0078 	 0.0306 	 315.5281
  0.5556 	 0.1852 	 0.0262 	 0.0315 	 409.8025
  0.6173 	 0.1852 	 0.0471 	 0.0284 	 550.3394
  0.6790 	 0.1852 	 0.0465 	 0.0281 	 543.7636
  0.7407 	 0.1852 	 0.0357 	 0.0192 	 405.1835
  0.8025 	 0.1852 	 0.0209 	 0.0128 	 245.0650
  0.8642 	 0.1852 	 0.0104 	 0.0096 	 141.3024
  0.9259 	 0.1852 	 0.0000 	 0.0000 	 0.0000
  0.0617 	 0.2222 	 -0.0000 	 0.0000 	 0.0000
  0.1235 	 0.2222 	 -0.0000 	 0.0000 	 0.0000
  0.1852 	 0.2222 	 -0.0137 	 0.0067 	 152.7398
  0.2469 	 0.2222 	 -0.0304 	 0.0089 	 316.2290
  0.3086 	 0.2222 	 -0.0452 	 0.0139 	 472.3564
  0.3704 	 0.2222 	 -0.0515 	 0.0163 	 539.9984
  0.4321 	 0.2222 	 -0.0422 	 0.0167 	 454.3032
  0.4938 	 0.2222 	 -0.0065 	 0.0172 	 183.6416
  0.5556 	 0.2222 	 0.0273 	 0.0166 	 319.3314
  0.6173 	 0.2222 	 0.0513 	 0.0177 	 542.9853
  0.6790 	 0.2222 	 0.0499 	 0.0142 	 518.8306
  0.7407 	 0.2222 	 0.0356 	 0.0122 	 376.2408
  0.8025 	 0.2222 	 0.0213 	 0.0081 	 228.2299
  0.8642 	 0.2222 	 0.0095 	 0.0041 	 104.0363
  0.9259 	 0.2222 	 0.0000 	 0.0000 	 0.0000
  0.0617 	 0.2593 	 -0.0000 	 -0.0000 	 0.0000
  0.1235 	 0.2593 	 -0.0000 	 -0.0000 	 0.0000
  0.1852 	 0.2593 	 -0.0144 	 -0.0043 	 150.7985
  0.2469 	 0.2593 	 -0.0308 	 -0.0040 	 310.2553
  0.3086 	 0.2593 	 -0.0476 	 -0.0134 	 494.7171
  0.3704 	 0.2593 	 -0.0592 	 -0.0242 	 639.6333
  0.4321 	 0.2593 	 -0.0440 	 -0.0341 	 556.7945
  0.4938 	 0.2593 	 -0.0107 	 -0.0430 	 443.3405
  0.5556 	 0.2593 	 0.0335 	 -0.0401 	 522.0747
  0.6173 	 0.2593 	 0.0557 	 -0.0302 	 633.3576
  0.6790 	 0.2593 	 0.0539 	 -0.0180 	 568.3386
  0.7407 	 0.2593 	 0.0387 	 -0.0097 	 398.7777
  0.8025 	 0.2593 	 0.0203 	 -0.0031 	 205.6145
  0.8642 	 0.2593 	 0.0099 	 -0.0031 	 103.2189
  0.9259 	 0.2593 	 0.0000 	 -0.0000 	 0.0000
  0.0617 	 0.2963 	 -0.0000 	 0.0000 	 0.0000
  0.1235 	 0.2963 	 -0.0000 	 0.0000 	 0.0000
  0.1852 	 0.2963 	 -0.0142 	 0.0012 	 142.1097
  0.2469 	 0.2963 	 -0.0292 	 -0.0023 	 292.8820
  0.3086 	 0.2963 	 -0.0499 	 -0.0075 	 504.2508
  0.3704 	 0.2963 	 -0.0623 	 -0.0223 	 661.3559
  0.4321 	 0.2963 	 -0.0495 	 -0.0390 	 630.2289
  0.4938 	 0.2963 	 -0.0106 	 -0.0490 	 501.0249
  0.5556 	 0.2963 	 0.0360 	 -0.0455 	 580.3921
  0.6173 	 0.2963 	 0.0607 	 -0.0319 	 686.0830
  0.6790 	 0.2963 	 0.0566 	 -0.0153 	 586.5823
  0.7407 	 0.2963 	 0.0381 	 -0.0034 	 382.8365
  0.8025 	 0.2963 	 0.0198 	 -0.0015 	 198.3602
  0.8642 	 0.2963 	 0.0083 	 0.0021 	 85.7252
  0.9259 	 0.2963 	 0.0000 	 0.0000 	 0.0000
  0.0617 	 0.3333 	 -0.0000 	 0.0000 	 0.0000
  0.1235 	 0.3333 	 -0.0000 	 0.0000 	 0.0000
  0.1852 	 0.3333 	 -0.0115 	 0.0098 	 151.0417
  0.2469 	 0.3333 	 -0.0284 	 0.0128 	 311.5666
  0.3086 	 0.3333 	 -0.0483 	 0.0200 	 522.2936
  0.3704 	 0.3333 	 -0.0642 	 0.0191 	 670.1539
  0.4321 	 0.3333 	 -0.0538 	 0.0129 	 553.6253
  0.4938 	 0.3333 	 -0.0100 	 0.0092 	 135.9715
  0.5556 	 0.3333 	 0.0377 	 0.0093 	 388.0106
  0.6173 	 0.3333 	 0.0637 	 0.0171 	 659.5061
  0.6790 	 0.3333 	 0.0576 	 0.0197 	 609.0278
  0.7407 	 0.3333 	 0.0359 	 0.0171 	 398.2376
  0.8025 	 0.3333 	 0.0180 	 0.0115 	 213.4076
  0.8642 	 0.3333 	 0.0066 	 0.0070 	 96.1861
  0.9259 	 0.3333 	 0.0000 	 0.0000 	 0.0000
  0.0617 	 0.3704 	 -0.0000 	 -0.0000 	 0.0000
  0.1235 	 0.3704 	 -0.0000 	 0.0000 	 0.0000
  0.1852 	 0.3704 	 -0.0104 	 0.0048 	 114.4082
  0.2469 	 0.3704 	 -0.0271 	 0.0128 	 300.1612
  0.3086 	 0.3704 	 -0.0487 	 0.0193 	 523.6447
  0.3704 	 0.3704 	 -0.0677 	 0.0286 	 735.2191
  0.4321 	 0.3704 	 -0.0558 	 0.0316 	 641.0316
  0.4938 	 0.3704 	 -0.0138 	 0.0294 	 324.8605
  0.5556 	 0.3704 	 0.0432 	 0.0319 	 536.9605
  0.6173 	 0.3704 	 0.0663 	 0.0296 	 726.0520
  0.6790 	 0.3704 	 0.0590 	 0.0260 	 644.6813
  0.7407 	 0.3704 	 0.0356 	 0.0153 	 386.9932
  0.8025 	 0.3704 	 0.0162 	 0.0097 	 188.6670
  0.8642 	 0.3704 	 0.0064 	 0.0026 	 68.8276
  0.9259 	 0.3704 	 0.0000 	 0.0000 	 0.0000
  0.0617 	 0.4074 	 -0.0000 	 -0.0000 	 0.0000
  0.1235 	 0.4074 	 -0.0000 	 -0.0000 	 0.0000
  0.1852 	 0.4074 	 -0.0109 	 -0.0028 	 112.0875
  0.2469 	 0.4074 	 -0.0258 	 -0.0013 	 258.4841
  0.3086 	 0.4074 	 -0.0532 	 -0.0042 	 533.7322
  0.3704 	 0.4074 	 -0.0716 	 -0.0086 	 720.7555
  0.4321 	 0.4074 	 -0.0646 	 -0.0149 	 662.8570
  0.4938 	 0.4074 	 -0.0128 	 -0.0207 	 242.8426
  0.5556 	 0.4074 	 0.0460 	 -0.0202 	 501.9708
  0.6173 	 0.4074 	 0.0746 	 -0.0105 	 753.7817
  0.6790 	 0.4074 	 0.0621 	 -0.0072 	 625.2529
  0.7407 	 0.4074 	 0.0370 	 -0.0018 	 370.5752
  0.8025 	 0.4074 	 0.0157 	 -0.0023 	 158.3480
  0.8642 	 0.4074 	 0.0063 	 -0.0018 	 65.7215
  0.9259 	 0.4074 	 0.0000 	 -0.0000 	 0.0000
  0.0617 	 0.4444 	 -0.0000 	 0.0000 	 0.0000
  0.1235 	 0.4444 	 -0.0000 	 0.0000 	 0.0000
  0.1852 	 0.4444 	 -0.0222 	 0.0026 	 223.5851
  0.2469 	 0.4444 	 -0.0538 	 -0.0006 	 537.6766
  0.3086 	 0.4444 	 -0.1069 	 -0.0018 	 1068.7697
  0.3704 	 0.4444 	 -0.1528 	 -0.0166 	 1536.6689
  0.4321 	 0.4444 	 -0.1355 	 -0.0346 	 1398.7278
  0.4938 	 0.4444 	 -0.0279 	 -0.0458 	 536.4235
  0.5556 	 0.4444 	 0.0982 	 -0.0419 	 1067.2202
  0.6173 	 0.4444 	 0.1569 	 -0.0269 	 1591.5619
  0.6790 	 0.4444 	 0.1303 	 -0.0089 	 1305.9266
  0.7407 	 0.4444 	 0.0739 	 0.0000 	 739.2007
  0.8025 	 0.4444 	 0.0330 	 0.0003 	 330.2484
  0.8642 	 0.4444 	 0.0118 	 0.0024 	 120.4008
  0.9259 	 0.4444 	 0.0000 	 0.0000 	 0.0000
  0.0617 	 0.4815 	 0.0000 	 0.0000 	 0.0000
  0.1235 	 0.4815 	 0.0000 	 0.0000 	 0.0000
  0.1852 	 0.4815 	 0.0001 	 0.0004 	 3.6928
  0.2469 	 0.4815 	 0.0001 	 0.0010 	 9.7419
  0.3086 	 0.4815 	 -0.0002 	 0.0019 	 19.1362
  0.3704 	 0.4815 	 -0.0007 	 0.0023 	 24.1663
  0.4321 	 0.4815 	 -0.0010 	 0.0016 	 19.3132
  0.4938 	 0.4815 	 -0.0002 	 0.0010 	 10.5972
  0.5556 	 0.4815 	 0.0007 	 0.0012 	 14.2185
  0.6173 	 0.4815 	 0.0010 	 0.0020 	 22.3622
  0.6790 	 0.4815 	 0.0003 	 0.0023 	 23.2168
  0.7407 	 0.4815 	 0.0000 	 0.0015 	 14.7187
  0.8025 	 0.4815 	 -0.0001 	 0.0006 	 6.4194
  0.8642 	 0.4815 	 -0.0001 	 0.0002 	 2.3727
  0.9259 	 0.4815 	 -0.0000 	 0.0000 	 0.0000
  0.0617 	 0.5185 	 -0.0000 	 -0.0000 	 0.0000
  0.1235 	 0.5185 	 -0.0000 	 -0.0000 	 0.0000
  0.1852 	 0.5185 	 -0.0003 	 -0.0000 	 3.2356
  0.2469 	 0.5185 	 -0.0008 	 0.0001 	 8.0214
  0.3086 	 0.5185 	 -0.0016 	 0.0008 	 18.1878
  0.3704 	 0.5185 	 -0.0025 	 0.0026 	 35.7922
  0.4321 	 0.5185 	 -0.0022 	 0.0053 	 57.1361
  0.4938 	 0.5185 	 -0.0006 	 0.0068 	 68.1046
  0.5556 	 0.5185 	 0.0017 	 0.0063 	 65.7069
  0.6173 	 0.5185 	 0.0025 	 0.0041 	 47.9732
  0.6790 	 0.5185 	 0.0021 	 0.0016 	 26.1257
  0.7407 	 0.5185 	 0.0011 	 0.0004 	 11.7435
  0.8025 	 0.5185 	 0.0005 	 0.0000 	 4.8863
  0.8642 	 0.5185 	 0.0002 	 -0.0000 	 1.6609
  0.9259 	 0.5185 	 0.0000 	 -0.0000 	 0.0000
  0.0617 	 0.5556 	 0.0000 	 0.0000 	 0.0000
  0.1235 	 0.5556 	 0.0000 	 0.0000 	 0.0000
  0.1852 	 0.5556 	 -0.0000 	 0.0001 	 0.8003
  0.2469 	 0.5556 	 -0.0005 	 -0.0002 	 5.1491
  0.3086 	 0.5556 	 -0.0018 	 -0.0016 	 24.1825
  0.3704 	 0.5556 	 -0.0037 	 -0.0059 	 69.4979
  0.4321 	 0.5556 	 -0.0041 	 -0.0128 	 133.8099
  0.4938 	 0.5556 	 -0.0009 	 -0.0174 	 174.1626
  0.5556 	 0.5556 	 0.0030 	 -0.0159 	 162.0716
  0.6173 	 0.5556 	 0.0043 	 -0.0096 	 105.2635
  0.6790 	 0.5556 	 0.0026 	 -0.0035 	 43.5786
  0.7407 	 0.5556 	 0.0009 	 -0.0007 	 11.7407
  0.8025 	 0.5556 	 0.0001 	 0.0000 	 1.3435
  0.8642 	 0.5556 	 -0.0000 	 0.0001 	 0.8145
  0.9259 	 0.5556 	 -0.0000 	 0.0000 	 0.0000
  0.0617 	 0.5926 	 -0.0000 	 -0.0000 	 0.0000
  0.1235 	 0.5926 	 -0.0000 	 -0.0000 	 0.0000
  0.1852 	 0.5926 	 -0.0001 	 0.0002 	 1.7618
  0.2469 	 0.5926 	 0.0000 	 0.0010 	 10.4286
  0.3086 	 0.5926 	 0.0000 	 0.0038 	 38.1420
  0.3704 	 0.5926 	 -0.0003 	 0.0094 	 94.1893
  0.4321 	 0.5926 	 -0.0006 	 0.0164 	 164.5155
  0.4938 	 0.5926 	 -0.0002 	 0.0204 	 204.1764
  0.5556 	 0.5926 	 0.0006 	 0.0192 	 192.1543
  0.6173 	 0.5926 	 0.0004 	 0.0134 	 134.3278
  0.6790 	 0.5926 	 0.0001 	 0.0065 	 65.3057
  0.7407 	 0.5926 	 -0.0000 	 0.0023 	 22.6520
  0.8025 	 0.5926 	 0.0000 	 0.0005 	 4.9775
  0.8642 	 0.5926 	 0.0001 	 0.0000 	 0.7373
  0.9259 	 0.5926 	 0.0000 	 -0.0000 	 0.0000
  0.0617 	 0.6296 	 0.0000 	 0.0000 	 0.0000
  0.1235 	 0.6296 	 0.0000 	 0.0000 	 0.0000
  0.1852 	 0.6296 	 -0.0001 	 -0.0001 	 1.8934
  0.2469 	 0.6296 	 -0.0009 	 -0.0008 	 12.1329
  0.3086 	 0.6296 	 -0.0029 	 -0.0032 	 43.0732
  0.3704 	 0.6296 	 -0.0059 	 -0.0087 	 105.1046
  0.4321 	 0.6296 	 -0.0064 	 -0.0170 	 181.2426
  0.4938 	 0.6296 	 -0.0014 	 -0.0224 	 224.9522
  0.5556 	 0.6296 	 0.0048 	 -0.0207 	 212.5934
  0.6173 	 0.6296 	 0.0067 	 -0.0132 	 148.3231
  0.6790 	 0.6296 	 0.0042 	 -0.0057 	 70.9217
  0.7407 	 0.6296 	 0.0016 	 -0.0018 	 24.0033
  0.8025 	 0.6296 	 0.0003 	 -0.0004 	 5.1516
  0.8642 	 0.6296 	 0.0000 	 -0.0000 	 0.4479
  0.9259 	 0.6296 	 -0.0000 	 0.0000 	 0.0000
  0.0617 	 0.6667 	 -0.0000 	 -0.0000 	 0.0000
  0.1235 	 0.6667 	 -0.0000 	 0.0000 	 0.0000
  0.1852 	 0.6667 	 0.0001 	 0.0002 	 2.1927
  0.2469 	 0.6667 	 0.0005 	 0.0011 	 11.7060
  0.3086 	 0.6667 	 0.0007 	 0.0037 	 37.7847
  0.3704 	 0.6667 	 0.0001 	 0.0084 	 84.2901
  0.4321 	 0.6667 	 -0.0010 	 0.0130 	 130.7692
  0.4938 	 0.6667 	 -0.0004 	 0.0148 	 147.6600
  0.5556 	 0.6667 	 0.0011 	 0.0143 	 143.3376
  0.6173 	 0.6667 	 0.0004 	 0.0113 	 112.7364
  0.6790 	 0.6667 	 -0.0006 	 0.0061 	 61.4383
  0.7407 	 0.6667 	 -0.0006 	 0.0022 	 23.3605
  0.8025 	 0.6667 	 -0.0002 	 0.0005 	 5.8065
  0.8642 	 0.6667 	 -0.0000 	 0.0001 	 0.7472
  0.9259 	 0.6667 	 0.0000 	 -0.0000 	 0.0000
  0.0617 	 0.7037 	 0.0000 	 0.0000 	 0.0000
  0.1235 	 0.7037 	 -0.0000 	 -0.0000 	 0.0000
  0.1852 	 0.7037 	 -0.0002 	 -0.0001 	 2.0559
  0.2469 	 0.7037 	 -0.0008 	 -0.0006 	 10.0591
  0.3086 	 0.7037 	 -0.0025 	 -0.0018 	 30.6470
  0.3704 	 0.7037 	 -0.0052 	 -0.0039 	 64.9164
  0.4321 	 0.7037 	 -0.0061 	 -0.0067 	 90.5683
  0.4938 	 0.7037 	 -0.0014 	 -0.0085 	 86.0701
  0.5556 	 0.7037 	 0.0047 	 -0.0079 	 91.9663
  0.6173 	 0.7037 	 0.0061 	 -0.0055 	 81.9549
  0.6790 	 0.7037 	 0.0035 	 -0.0029 	 45.5251
  0.7407 	 0.7037 	 0.0013 	 -0.0012 	 17.8724
  0.8025 	 0.7037 	 0.0003 	 -0.0003 	 4.7215
  0.8642 	 0.7037 	 0.0000 	 -0.0001 	 0.7059
  0.9259 	 0.7037 	 -0.0000 	 -0.0000 	 0.0000
  0.0617 	 0.7407 	 -0.0000 	 -0.0000 	 0.0000
  0.1235 	 0.7407 	 0.0000 	 0.0000 	 0.0000
  0.1852 	 0.7407 	 0.0001 	 0.0001 	 1.4552
  0.2469 	 0.7407 	 0.0003 	 0.0005 	 5.8906
  0.3086 	 0.7407 	 0.0001 	 0.0012 	 12.4503
  0.3704 	 0.7407 	 -0.0019 	 0.0011 	 22.3121
  0.4321 	 0.7407 	 -0.0041 	 -0.0020 	 45.8516
  0.4938 	 0.7407 	 -0.0013 	 -0.0061 	 62.0943
  0.5556 	 0.7407 	 0.0037 	 -0.0047 	 59.9969
  0.6173 	 0.7407 	 0.0031 	 -0.0002 	 31.2338
  0.6790 	 0.7407 	 0.0005 	 0.0015 	 15.3955
  0.7407 	 0.7407 	 -0.0004 	 0.0009 	 9.5585
  0.8025 	 0.7407 	 -0.0002 	 0.0003 	 3.2415
  0.8642 	 0.7407 	 -0.0000 	 0.0000 	 0.5202
  0.9259 	 0.7407 	 0.0000 	 -0.0000 	 0.0000
  0.0617 	 0.7778 	 -0.0000 	 0.0000 	 0.0000
  0.1235 	 0.7778 	 -0.0000 	 -0.0000 	 0.0000
  0.1852 	 0.7778 	 -0.0001 	 -0.0001 	 0.9660
  0.2469 	 0.7778 	 -0.0003 	 -0.0001 	 3.2496
  0.3086 	 0.7778 	 -0.0008 	 0.0007 	 10.9512
  0.3704 	 0.7778 	 -0.0024 	 0.0039 	 45.8035
  0.4321 	 0.7778 	 -0.0040 	 0.0089 	 97.7132
  0.4938 	 0.7778 	 -0.0011 	 0.0122 	 122.7550
  0.5556 	 0.7778 	 0.0034 	 0.0113 	 117.7885
  0.6173 	 0.7778 	 0.0033 	 0.0066 	 74.1555
  0.6790 	 0.7778 	 0.0013 	 0.0021 	 24.8306
  0.7407 	 0.7778 	 0.0005 	 0.0002 	 5.0631
  0.8025 	 0.7778 	 0.0002 	 -0.0001 	 1.7928
  0.8642 	 0.7778 	 0.0000 	 -0.0000 	 0.3698
  0.9259 	 0.7778 	 0.0000 	 -0.0000 	 0.0000
  0.0617 	 0.8148 	 -0.0000 	 -0.0000 	 0.0000
  0.1235 	 0.8148 	 -0.0000 	 -0.0000 	 0.0000
  0.1852 	 0.8148 	 0.0000 	 0.0000 	 0.2440
  0.2469 	 0.8148 	 -0.0000 	 -0.0001 	 0.9333
  0.3086 	 0.8148 	 -0.0011 	 -0.0011 	 15.2535
  0.3704 	 0.8148 	 -0.0047 	 -0.0051 	 69.4296
  0.4321 	 0.8148 	 -0.0084 	 -0.0137 	 160.8803
  0.4938 	 0.8148 	 -0.0025 	 -0.0220 	 221.0277
  0.5556 	 0.8148 	 0.0074 	 -0.0192 	 205.9996
  0.6173 	 0.8148 	 0.0068 	 -0.0094 	 115.6095
  0.6790 	 0.8148 	 0.0022 	 -0.0028 	 35.4230
  0.7407 	 0.8148 	 0.0002 	 -0.0004 	 4.9759
  0.8025 	 0.8148 	 -0.0000 	 -0.0000 	 0.3338
  0.8642 	 0.8148 	 -0.0000 	 0.0000 	 0.0600
  0.9259 	 0.8148 	 0.0000 	 -0.0000 	 0.0000
  0.0617 	 0.8519 	 -0.0000 	 0.0000 	 0.0000
  0.1235 	 0.8519 	 -0.0000 	 0.0000 	 0.0000
  0.1852 	 0.8519 	 -0.0000 	 0.0000 	 0.1197
  0.2469 	 0.8519 	 0.0001 	 0.0002 	 2.3050
  0.3086 	 0.8519 	 0.0005 	 0.0018 	 18.8390
  0.3704 	 0.8519 	 0.0000 	 0.0073 	 73.4530
  0.4321 	 0.8519 	 -0.0025 	 0.0163 	 164.4481
  0.4938 	 0.8519 	 -0.0009 	 0.0221 	 221.2696
  0.5556 	 0.8519 	 0.0026 	 0.0204 	 205.7740
  0.6173 	 0.8519 	 0.0010 	 0.0122 	 122.3505
  0.6790 	 0.8519 	 -0.0006 	 0.0042 	 42.6971
  0.7407 	 0.8519 	 -0.0002 	 0.0008 	 8.1340
  0.8025 	 0.8519 	 0.0000 	 0.0001 	 0.5769
  0.8642 	 0.8519 	 0.0000 	 -0.0000 	 0.0833
  0.9259 	 0.8519 	 0.0000 	 0.0000 	 0.0000
  0.0617 	 0.8889 	 -0.0000 	 -0.0000 	 0.0000
  0.1235 	 0.8889 	 -0.0000 	 -0.0000 	 0.0000
  0.1852 	 0.8889 	 -0.0000 	 -0.0000 	 0.2512
  0.2469 	 0.8889 	 -0.0002 	 -0.0002 	 2.7110
  0.3086 	 0.8889 	 -0.0014 	 -0.0014 	 19.8516
  0.3704 	 0.8889 	 -0.0058 	 -0.0054 	 79.1905
  0.4321 	 0.8889 	 -0.0108 	 -0.0139 	 176.0050
  0.4938 	 0.8889 	 -0.0033 	 -0.0222 	 224.4155
  0.5556 	 0.8889 	 0.0098 	 -0.0194 	 217.4078
  0.6173 	 0.8889 	 0.0085 	 -0.0096 	 128.0386
  0.6790 	 0.8889 	 0.0028 	 -0.0031 	 41.5478
  0.7407 	 0.8889 	 0.0005 	 -0.0006 	 7.8190
  0.8025 	 0.8889 	 0.0000 	 -0.0001 	 0.8097
  0.8642 	 0.8889 	 0.0000 	 -0.0000 	 0.1239
  0.9259 	 0.8889 	 0.0000 	 -0.0000 	 0.0000
  0.0617 	 0.9259 	 -0.0000 	 0.0000 	 0.0000
  0.1235 	 0.9259 	 -0.0000 	 0.0000 	 0.0000
  0.1852 	 0.9259 	 -0.0000 	 0.0000 	 0.0000
  0.2469 	 0.9259 	 0.0000 	 0.0000 	 0.0000
  0.3086 	 0.9259 	 0.0000 	 0.0000 	 0.0000
  0.3704 	 0.9259 	 0.0000 	 0.0000 	 0.0000
  0.4321 	 0.9259 	 -0.0000 	 0.0000 	 0.0000
  0.4938 	 0.9259 	 -0.0000 	 0.0000 	 0.0000
  0.5556 	 0.9259 	 0.0000 	 0.0000 	 0.0000
  0.6173 	 0.9259 	 0.0000 	 0.0000 	 0.0000
  0.6790 	 0.9259 	 -0.0000 	 0.0000 	 0.0000
  0.7407 	 0.9259 	 -0.0000 	 0.0000 	 0.0000
  0.8025 	 0.9259 	 -0.0000 	 0.0000 	 0.0000
  0.8642 	 0.9259 	 0.0000 	 0.0000 	 0.0000
  0.9259 	 0.9259 	 0.0000 	 0.0000 	 0.0000
  0.0617 	 0.9630 	 -0.0000 	 -0.0000 	 0.0000
  0.1235 	 0.9630 	 -0.0000 	 -0.0000 	 0.0000
  0.1852 	 0.9630 	 -0.0000 	 -0.0000 	 0.0000
  0.2469 	 0.9630 	 -0.0000 	 0.0000 	 0.0000
  0.3086 	 0.9630 	 -0.0000 	 0.0000 	 0.0000
  0.3704 	 0.9630 	 -0.0000 	 0.0000 	 0.0000
  0.4321 	 0.9630 	 -0.0000 	 -0.0000 	 0.0000
  0.4938 	 0.9630 	 -0.0000 	 -0.0000 	 0.0000
  0.5556 	 0.9630 	 0.0000 	 -0.0000 	 0.0000
  0.6173 	 0.9630 	 0.0000 	 -0.0000 	 0.0000
  0.6790 	 0.9630 	 0.0000 	 0.0000 	 0.0000
  0.7407 	 0.9630 	 0.0000 	 0.0000 	 0.0000
  0.8025 	 0.9630 	 0.0000 	 0.0000 	 0.0000
  0.8642 	 0.9630 	 0.0000 	 -0.0000 	 0.0000
  0.9259 	 0.9630 	 0.0000 	 -0.0000 	 0.0000
 