3.042667e-01 	 1.258407e-02 
2.981464e-01 	 1.257499e-02 
2.920206e-01 	 1.256563e-02 
2.858938e-01 	 1.255628e-02 
2.797616e-01 	 1.254721e-02 
2.736283e-01 	 1.254018e-02 
2.674897e-01 	 1.253442e-02 
2.613505e-01 	 1.253343e-02 
2.552069e-01 	 1.253505e-02 
2.490636e-01 	 1.254418e-02 
2.429180e-01 	 1.255729e-02 
2.367742e-01 	 1.257898e-02 
2.306309e-01 	 1.260587e-02 
2.244918e-01 	 1.263954e-02 
2.198895e-01 	 1.266964e-02 
2.152911e-01 	 1.269849e-02 
2.091605e-01 	 1.273920e-02 
2.030398e-01 	 1.277967e-02 
1.992160e-01 	 1.279852e-02 
1.953917e-01 	 1.281736e-02 
1.908035e-01 	 1.283696e-02 
1.869835e-01 	 1.283679e-02 
1.831590e-01 	 1.283661e-02 
1.785669e-01 	 1.283217e-02 
1.747438e-01 	 1.279931e-02 
1.709107e-01 	 1.276638e-02 
1.663022e-01 	 1.272136e-02 
1.624646e-01 	 1.264286e-02 
1.586100e-01 	 1.256405e-02 
1.539669e-01 	 1.246272e-02 
1.508694e-01 	 1.235726e-02 
1.477684e-01 	 1.225281e-02 
1.446306e-01 	 1.214866e-02 
1.414914e-01 	 1.202383e-02 
1.383500e-01 	 1.186893e-02 
1.351871e-01 	 1.171550e-02 
1.319733e-01 	 1.156303e-02 
1.287525e-01 	 1.138137e-02 
1.255220e-01 	 1.117429e-02 
1.222457e-01 	 1.096962e-02 
1.188988e-01 	 1.076700e-02 
1.155297e-01 	 1.053012e-02 
1.121370e-01 	 1.027968e-02 
1.086534e-01 	 1.003245e-02 
1.050817e-01 	 9.788885e-03 
1.014610e-01 	 9.532385e-03 
9.779765e-02 	 9.279938e-03 
9.399235e-02 	 9.030524e-03 
9.009681e-02 	 8.810732e-03 
8.614661e-02 	 8.650404e-03 
8.218539e-02 	 8.495430e-03 
7.809761e-02 	 8.368992e-03 
7.399710e-02 	 8.411317e-03 
7.007379e-02 	 8.573186e-03 
6.631353e-02 	 8.739430e-03 
6.253558e-02 	 9.026113e-03 
5.904864e-02 	 9.559355e-03 
5.477869e-02 	 1.045899e-02 
5.050005e-02 	 1.132337e-02 
4.701573e-02 	 1.285034e-02 
4.342406e-02 	 1.425604e-02 
4.029621e-02 	 1.549687e-02 
3.716836e-02 	 1.673770e-02 
3.398580e-02 	 1.953314e-02 
3.087243e-02 	 2.162976e-02 
2.782914e-02 	 2.380285e-02 
2.526973e-02 	 2.650731e-02 
2.256115e-02 	 2.922035e-02 
2.048208e-02 	 3.232115e-02 
1.721715e-02 	 3.697444e-02 
1.546934e-02 	 4.066766e-02 
1.371207e-02 	 4.417632e-02 
1.150877e-02 	 4.929192e-02 
1.086460e-02 	 5.236838e-02 
1.022052e-02 	 5.544448e-02 
9.397561e-03 	 5.871890e-02 
8.866522e-03 	 6.255858e-02 
8.625976e-03 	 6.654718e-02 
8.561686e-03 	 7.052948e-02 
8.481020e-03 	 7.454921e-02 
8.536819e-03 	 7.873188e-02 
8.757316e-03 	 8.275427e-02 
9.020339e-03 	 8.664835e-02 
9.233106e-03 	 9.045083e-02 
9.508109e-03 	 9.422681e-02 
9.810784e-03 	 9.784780e-02 
1.011869e-02 	 1.013468e-01 
1.037214e-02 	 1.047789e-01 
1.064038e-02 	 1.081911e-01 
1.090543e-02 	 1.114919e-01 
1.117341e-02 	 1.147225e-01 
1.139032e-02 	 1.179105e-01 
1.160695e-02 	 1.210922e-01 
1.202221e-02 	 1.272733e-01 
1.235794e-02 	 1.333534e-01 
1.266200e-02 	 1.393269e-01 
1.290058e-02 	 1.452271e-01 
1.310282e-02 	 1.510749e-01 
1.326516e-02 	 1.568617e-01 
1.338345e-02 	 1.626299e-01 
1.348761e-02 	 1.683491e-01 
1.354844e-02 	 1.740617e-01 
1.361044e-02 	 1.797424e-01 
1.363344e-02 	 1.854156e-01 
1.365687e-02 	 1.910780e-01 
1.365373e-02 	 1.967347e-01 
1.364123e-02 	 2.023970e-01 
1.360974e-02 	 2.080647e-01 
1.356088e-02 	 2.137481e-01 
1.348969e-02 	 2.194546e-01 
1.340087e-02 	 2.251836e-01 
1.327908e-02 	 2.309582e-01 
1.314753e-02 	 2.367645e-01 
1.297170e-02 	 2.426390e-01 
1.279829e-02 	 2.485611e-01 
1.257096e-02 	 2.545658e-01 
1.236803e-02 	 2.606401e-01 
1.210667e-02 	 2.667957e-01 
1.200593e-02 	 2.699198e-01 
1.190548e-02 	 2.730439e-01 
1.177823e-02 	 2.761977e-01 
1.165072e-02 	 2.793462e-01 
1.157339e-02 	 2.825512e-01 
1.150554e-02 	 2.857567e-01 
1.141194e-02 	 2.889577e-01 
1.133275e-02 	 2.921480e-01 
1.132781e-02 	 2.953984e-01 
1.132803e-02 	 2.986292e-01 
1.130093e-02 	 3.018091e-01 
1.135925e-02 	 3.049535e-01 
1.146843e-02 	 3.081619e-01 
1.162456e-02 	 3.114058e-01 
1.178077e-02 	 3.146481e-01 
1.199237e-02 	 3.180115e-01 
1.232037e-02 	 3.217027e-01 
1.275312e-02 	 3.260621e-01 
1.362985e-02 	 3.318415e-01 
1.421564e-02 	 3.349709e-01 
1.494511e-02 	 3.386066e-01 
1.592045e-02 	 3.430317e-01 
1.713905e-02 	 3.474298e-01 
1.866826e-02 	 3.525814e-01 
1.995438e-02 	 3.559476e-01 
2.123435e-02 	 3.596856e-01 
2.381785e-02 	 3.652933e-01 
2.528043e-02 	 3.683251e-01 
2.687641e-02 	 3.715675e-01 
2.968691e-02 	 3.745297e-01 
3.091502e-02 	 3.788036e-01 
3.385483e-02 	 3.814717e-01 
3.683736e-02 	 3.862820e-01 
4.043408e-02 	 3.907243e-01 
4.291324e-02 	 3.933616e-01 
4.540593e-02 	 3.960211e-01 
4.859094e-02 	 3.993426e-01 
5.272412e-02 	 4.023735e-01 
5.676648e-02 	 4.059758e-01 
6.166155e-02 	 4.090635e-01 
6.646478e-02 	 4.123328e-01 
7.046160e-02 	 4.145505e-01 
7.449070e-02 	 4.167489e-01 
7.997813e-02 	 4.195354e-01 
8.289430e-02 	 4.207924e-01 
8.582305e-02 	 4.219325e-01 
8.874130e-02 	 4.230401e-01 
9.163345e-02 	 4.241702e-01 
9.464715e-02 	 4.252046e-01 
9.770725e-02 	 4.260831e-01 
1.007806e-01 	 4.268860e-01 
1.038179e-01 	 4.276631e-01 
1.069040e-01 	 4.283882e-01 
1.100511e-01 	 4.289254e-01 
1.132181e-01 	 4.293721e-01 
1.163371e-01 	 4.297747e-01 
1.194518e-01 	 4.301542e-01 
1.225877e-01 	 4.303512e-01 
1.257432e-01 	 4.304607e-01 
1.288484e-01 	 4.305326e-01 
1.319489e-01 	 4.305774e-01 
1.381098e-01 	 4.303751e-01 
1.442598e-01 	 4.299252e-01 
1.503366e-01 	 4.293741e-01 
1.563780e-01 	 4.285494e-01 
1.623520e-01 	 4.277722e-01 
1.682520e-01 	 4.267972e-01 
1.741051e-01 	 4.259060e-01 
1.798748e-01 	 4.249583e-01 
1.855944e-01 	 4.240563e-01 
1.912500e-01 	 4.232434e-01 
1.968479e-01 	 4.224688e-01 
2.024190e-01 	 4.218643e-01 
2.079308e-01 	 4.213309e-01 
2.134278e-01 	 4.209558e-01 
2.188783e-01 	 4.207180e-01 
2.242972e-01 	 4.205993e-01 
2.296861e-01 	 4.206550e-01 
2.350313e-01 	 4.208293e-01 
2.403467e-01 	 4.211590e-01 
2.456303e-01 	 4.216273e-01 
2.508778e-01 	 4.222163e-01 
2.561135e-01 	 4.229525e-01 
2.613244e-01 	 4.238002e-01 
2.665347e-01 	 4.247707e-01 
2.717358e-01 	 4.258640e-01 
2.769300e-01 	 4.270624e-01 
2.821222e-01 	 4.283709e-01 
2.872989e-01 	 4.297888e-01 
2.924785e-01 	 4.313113e-01 
2.976925e-01 	 4.329412e-01 
3.029447e-01 	 4.346786e-01 
3.082448e-01 	 4.365260e-01 
3.135874e-01 	 4.384594e-01 
3.189397e-01 	 4.404542e-01 
3.242277e-01 	 4.425263e-01 
3.294729e-01 	 4.446554e-01 
3.351025e-01 	 4.469081e-01 
3.381383e-01 	 4.481353e-01 
3.411951e-01 	 4.493869e-01 
3.444018e-01 	 4.507018e-01 
3.476997e-01 	 4.520459e-01 
3.510734e-01 	 4.534302e-01 
3.545089e-01 	 4.548470e-01 
3.579999e-01 	 4.562886e-01 
3.615282e-01 	 4.577408e-01 
3.650986e-01 	 4.592177e-01 
3.687283e-01 	 4.606863e-01 
3.724287e-01 	 4.621568e-01 
3.762095e-01 	 4.636721e-01 
3.800644e-01 	 4.651636e-01 
3.839800e-01 	 4.666748e-01 
3.879551e-01 	 4.681875e-01 
3.919832e-01 	 4.696514e-01 
3.960810e-01 	 4.711233e-01 
4.002296e-01 	 4.725360e-01 
4.044381e-01 	 4.739470e-01 
4.087478e-01 	 4.753354e-01 
4.131104e-01 	 4.766802e-01 
4.175179e-01 	 4.780191e-01 
4.219914e-01 	 4.793037e-01 
4.265159e-01 	 4.805525e-01 
4.310938e-01 	 4.817360e-01 
4.357023e-01 	 4.828514e-01 
4.403383e-01 	 4.838890e-01 
4.450568e-01 	 4.848572e-01 
4.498255e-01 	 4.857481e-01 
4.546068e-01 	 4.865552e-01 
4.594282e-01 	 4.872813e-01 
4.642656e-01 	 4.879042e-01 
4.691343e-01 	 4.884566e-01 
4.740036e-01 	 4.888934e-01 
4.788696e-01 	 4.891990e-01 
4.838101e-01 	 4.894943e-01 
4.887569e-01 	 4.896361e-01 
4.936972e-01 	 4.896415e-01 
4.986374e-01 	 4.896468e-01 
5.035825e-01 	 4.895230e-01 
5.085236e-01 	 4.892346e-01 
5.133866e-01 	 4.889397e-01 
5.182486e-01 	 4.885228e-01 
5.231093e-01 	 4.879841e-01 
5.279349e-01 	 4.873765e-01 
5.327454e-01 	 4.866656e-01 
5.375173e-01 	 4.858716e-01 
5.422750e-01 	 4.849970e-01 
5.469868e-01 	 4.840442e-01 
5.516143e-01 	 4.830220e-01 
5.562129e-01 	 4.819214e-01 
5.607832e-01 	 4.807537e-01 
5.652998e-01 	 4.795181e-01 
5.697679e-01 	 4.782457e-01 
5.741745e-01 	 4.769171e-01 
5.785349e-01 	 4.755785e-01 
5.828464e-01 	 4.742040e-01 
5.870590e-01 	 4.727997e-01 
5.912108e-01 	 4.713998e-01 
5.953148e-01 	 4.699383e-01 
5.993456e-01 	 4.684833e-01 
6.033257e-01 	 4.669814e-01 
6.072497e-01 	 4.654701e-01 
6.111153e-01 	 4.639832e-01 
6.149087e-01 	 4.624716e-01 
6.186216e-01 	 4.609967e-01 
6.222617e-01 	 4.595332e-01 
6.258412e-01 	 4.580573e-01 
6.293731e-01 	 4.566134e-01 
6.328707e-01 	 4.551748e-01 
6.363145e-01 	 4.537628e-01 
6.396989e-01 	 4.523781e-01 
6.430084e-01 	 4.510375e-01 
6.462291e-01 	 4.497264e-01 
6.493809e-01 	 4.484405e-01 
6.524536e-01 	 4.471969e-01 
6.554741e-01 	 4.459919e-01 
6.584779e-01 	 4.447974e-01 
6.615668e-01 	 4.435562e-01 
6.646136e-01 	 4.423329e-01 
6.685814e-01 	 4.407925e-01 
6.739195e-01 	 4.388146e-01 
6.792613e-01 	 4.368894e-01 
6.845648e-01 	 4.350472e-01 
6.898192e-01 	 4.333084e-01 
6.950328e-01 	 4.316736e-01 
7.002055e-01 	 4.301436e-01 
7.053637e-01 	 4.287059e-01 
7.105300e-01 	 4.273731e-01 
7.156970e-01 	 4.261333e-01 
7.208646e-01 	 4.249865e-01 
7.260360e-01 	 4.239499e-01 
7.312039e-01 	 4.230089e-01 
7.363853e-01 	 4.221689e-01 
7.415731e-01 	 4.214452e-01 
7.467900e-01 	 4.208228e-01 
7.520303e-01 	 4.203221e-01 
7.572998e-01 	 4.199431e-01 
7.626103e-01 	 4.196716e-01 
7.679482e-01 	 4.195509e-01 
7.733312e-01 	 4.195258e-01 
7.787497e-01 	 4.196533e-01 
7.841999e-01 	 4.199024e-01 
7.896990e-01 	 4.202737e-01 
7.952152e-01 	 4.208114e-01 
8.007818e-01 	 4.214306e-01 
8.063759e-01 	 4.222201e-01 
8.120094e-01 	 4.230885e-01 
8.177057e-01 	 4.240471e-01 
8.234394e-01 	 4.251312e-01 
8.292613e-01 	 4.261742e-01 
8.351187e-01 	 4.273584e-01 
8.410607e-01 	 4.284105e-01 
8.470618e-01 	 4.295700e-01 
8.531177e-01 	 4.305357e-01 
8.561881e-01 	 4.310003e-01 
8.592602e-01 	 4.314607e-01 
8.623531e-01 	 4.318491e-01 
8.654536e-01 	 4.322200e-01 
8.685999e-01 	 4.324731e-01 
8.717667e-01 	 4.327188e-01 
8.749820e-01 	 4.329472e-01 
8.782015e-01 	 4.330878e-01 
8.814348e-01 	 4.330751e-01 
8.846820e-01 	 4.330396e-01 
8.879898e-01 	 4.329727e-01 
8.912981e-01 	 4.328165e-01 
8.945754e-01 	 4.324965e-01 
8.978026e-01 	 4.320757e-01 
9.010840e-01 	 4.316360e-01 
9.043643e-01 	 4.311156e-01 
9.076074e-01 	 4.304524e-01 
9.107186e-01 	 4.296339e-01 
9.138716e-01 	 4.288185e-01 
9.170218e-01 	 4.279377e-01 
9.201474e-01 	 4.269310e-01 
9.230981e-01 	 4.257637e-01 
9.260537e-01 	 4.246056e-01 
9.290177e-01 	 4.234263e-01 
9.319844e-01 	 4.221527e-01 
9.347848e-01 	 4.207065e-01 
9.375314e-01 	 4.192545e-01 
9.402932e-01 	 4.178285e-01 
9.430752e-01 	 4.163698e-01 
9.457489e-01 	 4.147462e-01 
9.484944e-01 	 4.128542e-01 
9.512628e-01 	 4.110341e-01 
9.542384e-01 	 4.090061e-01 
9.575833e-01 	 4.064498e-01 
9.616383e-01 	 4.030127e-01 
9.662429e-01 	 3.990207e-01 
9.688715e-01 	 3.960058e-01 
9.709543e-01 	 3.933230e-01 
9.736584e-01 	 3.908538e-01 
9.753278e-01 	 3.876167e-01 
9.787264e-01 	 3.844724e-01 
9.795445e-01 	 3.813795e-01 
9.825477e-01 	 3.788995e-01 
9.836188e-01 	 3.753236e-01 
9.859379e-01 	 3.725124e-01 
9.878777e-01 	 3.684770e-01 
9.897874e-01 	 3.644729e-01 
9.920021e-01 	 3.587528e-01 
9.932441e-01 	 3.556794e-01 
9.943309e-01 	 3.522335e-01 
9.954589e-01 	 3.485827e-01 
9.965633e-01 	 3.445023e-01 
9.974782e-01 	 3.401472e-01 
9.985123e-01 	 3.353596e-01 
9.991893e-01 	 3.302298e-01 
9.999732e-01 	 3.247498e-01 
1.000401e+00 	 3.188968e-01 
1.000785e+00 	 3.128529e-01 
1.000887e+00 	 3.096965e-01 
1.000989e+00 	 3.065360e-01 
1.001079e+00 	 3.033717e-01 
1.001057e+00 	 3.001786e-01 
1.001056e+00 	 2.969535e-01 
1.001057e+00 	 2.936730e-01 
1.001009e+00 	 2.904577e-01 
1.000914e+00 	 2.872382e-01 
1.000846e+00 	 2.840073e-01 
1.000779e+00 	 2.807659e-01 
1.000665e+00 	 2.775832e-01 
1.000545e+00 	 2.744019e-01 
1.000452e+00 	 2.712366e-01 
1.000357e+00 	 2.680719e-01 
1.000115e+00 	 2.618397e-01 
9.999259e-01 	 2.556736e-01 
9.997137e-01 	 2.495825e-01 
9.995524e-01 	 2.435610e-01 
9.993885e-01 	 2.375937e-01 
9.992660e-01 	 2.316826e-01 
9.991532e-01 	 2.258106e-01 
9.990702e-01 	 2.199769e-01 
9.990023e-01 	 2.141724e-01 
9.989532e-01 	 2.083900e-01 
9.989186e-01 	 2.026289e-01 
9.988992e-01 	 1.968745e-01 
9.988878e-01 	 1.911316e-01 
9.988992e-01 	 1.853848e-01 
9.989106e-01 	 1.796344e-01 
9.989588e-01 	 1.738797e-01 
9.990071e-01 	 1.681011e-01 
9.990994e-01 	 1.623217e-01 
9.992062e-01 	 1.564989e-01 
9.993590e-01 	 1.506646e-01 
9.995512e-01 	 1.447714e-01 
9.997833e-01 	 1.388329e-01 
1.000080e+00 	 1.328189e-01 
1.000410e+00 	 1.267068e-01 
1.000819e+00 	 1.204864e-01 
1.001033e+00 	 1.172914e-01 
1.001247e+00 	 1.140892e-01 
1.001510e+00 	 1.108403e-01 
1.001770e+00 	 1.075196e-01 
1.002030e+00 	 1.040960e-01 
1.002270e+00 	 1.006528e-01 
1.002563e+00 	 9.713991e-02 
1.002852e+00 	 9.351023e-02 
1.003102e+00 	 8.973634e-02 
1.003287e+00 	 8.594235e-02 
1.003522e+00 	 8.207222e-02 
1.003699e+00 	 7.808680e-02 
1.003710e+00 	 7.396720e-02 
1.003580e+00 	 7.004177e-02 
1.003458e+00 	 6.617083e-02 
1.003186e+00 	 6.230068e-02 
1.002640e+00 	 5.858388e-02 
1.001794e+00 	 5.540214e-02 
1.000557e+00 	 5.101613e-02 
9.993278e-01 	 4.662542e-02 
9.967649e-01 	 4.102823e-02 
9.955409e-01 	 3.760855e-02 
9.924237e-01 	 3.316569e-02 
9.898400e-01 	 3.014969e-02 
9.873939e-01 	 2.703314e-02 
9.847801e-01 	 2.385538e-02 
9.820980e-01 	 2.228133e-02 
9.791018e-01 	 2.029272e-02 
9.766874e-01 	 1.831642e-02 
9.714675e-01 	 1.511388e-02 
9.673614e-01 	 1.421477e-02 
9.638316e-01 	 1.211589e-02 
9.583839e-01 	 1.101009e-02 
9.553585e-01 	 1.038341e-02 
9.523155e-01 	 9.758213e-03 
9.492724e-01 	 9.133020e-03 
9.455532e-01 	 8.885431e-03 
9.418590e-01 	 8.685296e-03 
9.379677e-01 	 8.481631e-03 
9.338900e-01 	 8.415629e-03 
9.298201e-01 	 8.520985e-03 
9.258583e-01 	 8.645212e-03 
9.218904e-01 	 8.776639e-03 
9.179698e-01 	 8.986003e-03 
9.141425e-01 	 9.222571e-03 
9.104484e-01 	 9.461922e-03 
9.067957e-01 	 9.711301e-03 
9.031924e-01 	 9.952237e-03 
8.996852e-01 	 1.019665e-02 
8.962648e-01 	 1.044428e-02 
8.928690e-01 	 1.068046e-02 
8.894963e-01 	 1.088405e-02 
8.862039e-01 	 1.108959e-02 
8.829524e-01 	 1.129768e-02 
8.797112e-01 	 1.148061e-02 
8.764778e-01 	 1.163653e-02 
8.733046e-01 	 1.179334e-02 
8.701476e-01 	 1.195170e-02 
8.669933e-01 	 1.207818e-02 
8.638413e-01 	 1.218654e-02 
8.607298e-01 	 1.229524e-02 
8.576240e-01 	 1.240452e-02 
8.545177e-01 	 1.248369e-02 
8.514125e-01 	 1.255287e-02 
8.467936e-01 	 1.265046e-02 
8.421753e-01 	 1.272447e-02 
8.360300e-01 	 1.278260e-02 
8.298994e-01 	 1.281461e-02 
8.237724e-01 	 1.282032e-02 
8.176483e-01 	 1.280862e-02 
8.115227e-01 	 1.278278e-02 
8.053948e-01 	 1.274887e-02 
7.992623e-01 	 1.271053e-02 
7.931249e-01 	 1.267165e-02 
7.869825e-01 	 1.263533e-02 
7.808369e-01 	 1.260265e-02 
7.746873e-01 	 1.257661e-02 
7.685383e-01 	 1.255587e-02 
7.646971e-01 	 1.254783e-02 
7.608521e-01 	 1.253979e-02 
7.562404e-01 	 1.253470e-02 
7.524004e-01 	 1.253313e-02 
7.485595e-01 	 1.253156e-02 
7.439523e-01 	 1.253320e-02 
7.401156e-01 	 1.253639e-02 
7.362800e-01 	 1.253958e-02 
7.316789e-01 	 1.254530e-02 
7.255468e-01 	 1.255389e-02 
7.194205e-01 	 1.256323e-02 
7.132955e-01 	 1.257234e-02 
7.071752e-01 	 1.258135e-02 
7.010559e-01 	 1.258907e-02 
6.949408e-01 	 1.259629e-02 
6.888263e-01 	 1.260202e-02 
6.827156e-01 	 1.260715e-02 
6.766053e-01 	 1.261096e-02 
6.704985e-01 	 1.261424e-02 
6.643917e-01 	 1.261649e-02 
6.582879e-01 	 1.261837e-02 
6.521838e-01 	 1.261946e-02 
6.460818e-01 	 1.262034e-02 
6.399793e-01 	 1.262061e-02 
6.338779e-01 	 1.262075e-02 
6.277759e-01 	 1.262048e-02 
6.216743e-01 	 1.262009e-02 
6.155720e-01 	 1.261947e-02 
6.094699e-01 	 1.261872e-02 
6.033672e-01 	 1.261788e-02 
5.972646e-01 	 1.261695e-02 
5.911614e-01 	 1.261599e-02 
5.850585e-01 	 1.261505e-02 
5.789551e-01 	 1.261408e-02 
5.728518e-01 	 1.261324e-02 
5.667481e-01 	 1.261237e-02 
5.606441e-01 	 1.261168e-02 
5.545398e-01 	 1.261101e-02 
5.484349e-01 	 1.261049e-02 
5.423299e-01 	 1.261006e-02 
5.362241e-01 	 1.260972e-02 
5.301182e-01 	 1.260955e-02 
5.240117e-01 	 1.260939e-02 
5.179052e-01 	 1.260946e-02 
5.117986e-01 	 1.260950e-02 
5.056919e-01 	 1.260978e-02 
4.995857e-01 	 1.261004e-02 
4.934794e-01 	 1.261052e-02 
4.873740e-01 	 1.261100e-02 
4.812686e-01 	 1.261169e-02 
4.751643e-01 	 1.261238e-02 
4.690600e-01 	 1.261327e-02 
4.629568e-01 	 1.261416e-02 
4.568536e-01 	 1.261520e-02 
4.507513e-01 	 1.261627e-02 
4.446489e-01 	 1.261741e-02 
4.385472e-01 	 1.261861e-02 
4.324455e-01 	 1.261979e-02 
4.263441e-01 	 1.262103e-02 
4.202428e-01 	 1.262216e-02 
4.141418e-01 	 1.262330e-02 
4.080410e-01 	 1.262428e-02 
4.019405e-01 	 1.262519e-02 
3.958402e-01 	 1.262588e-02 
3.897403e-01 	 1.262645e-02 
3.836406e-01 	 1.262668e-02 
3.775411e-01 	 1.262679e-02 
3.714419e-01 	 1.262639e-02 
3.653421e-01 	 1.262591e-02 
3.592425e-01 	 1.262467e-02 
3.531412e-01 	 1.262339e-02 
3.470400e-01 	 1.262105e-02 
3.409357e-01 	 1.261863e-02 
3.348314e-01 	 1.261488e-02 
3.287230e-01 	 1.261091e-02 
3.226142e-01 	 1.260539e-02 
3.165005e-01 	 1.259947e-02 
3.103862e-01 	 1.259200e-02 
3.042667e-01 	 1.258407e-02 
2.981464e-01 	 1.257499e-02 
3.043102e-01 	 1.258723e-02 
2.981903e-01 	 1.257813e-02 
2.981995e-01 	 1.257879e-02 
2.982172e-01 	 1.258005e-02 
2.982424e-01 	 1.258183e-02 
2.982581e-01 	 1.258293e-02 
2.983463e-01 	 1.258879e-02 
2.983563e-01 	 1.258935e-02 
2.983581e-01 	 1.258945e-02 
2.983666e-01 	 1.258986e-02 
2.983681e-01 	 1.258993e-02 
2.983736e-01 	 1.259015e-02 
2.983749e-01 	 1.259020e-02 
2.983772e-01 	 1.259027e-02 
2.983810e-01 	 1.259035e-02 
2.983832e-01 	 1.259036e-02 
2.983858e-01 	 1.259027e-02 
2.983864e-01 	 1.259007e-02 
3.045035e-01 	 1.259663e-02 
2.983805e-01 	 1.258880e-02 
2.983797e-01 	 1.258869e-02 
2.983687e-01 	 1.258736e-02 
2.983672e-01 	 1.258720e-02 
2.983641e-01 	 1.258688e-02 
2.983624e-01 	 1.258672e-02 
2.983349e-01 	 1.258432e-02 
2.983221e-01 	 1.258329e-02 
2.982746e-01 	 1.257960e-02 
3.043096e-01 	 1.258094e-02 
2.981766e-01 	 1.257316e-02 
4.384424e-01 	 1.250048e-02 
4.322904e-01 	 1.250024e-02 
4.261373e-01 	 1.250000e-02 
4.199843e-01 	 1.249986e-02 
4.138300e-01 	 1.249973e-02 
4.076758e-01 	 1.249975e-02 
4.015203e-01 	 1.249978e-02 
3.953647e-01 	 1.250005e-02 
3.892080e-01 	 1.250032e-02 
3.830512e-01 	 1.250068e-02 
3.768932e-01 	 1.250105e-02 
3.707351e-01 	 1.250134e-02 
3.645756e-01 	 1.250163e-02 
3.584162e-01 	 1.250178e-02 
3.522551e-01 	 1.250192e-02 
3.460939e-01 	 1.250193e-02 
3.399310e-01 	 1.250194e-02 
3.337681e-01 	 1.250194e-02 
3.276032e-01 	 1.250193e-02 
3.214383e-01 	 1.250202e-02 
3.152716e-01 	 1.250211e-02 
3.091049e-01 	 1.250219e-02 
3.029363e-01 	 1.250226e-02 
2.967678e-01 	 1.250217e-02 
3.830395e-01 	 1.250208e-02 
3.768792e-01 	 1.250225e-02 
3.707189e-01 	 1.250236e-02 
3.645570e-01 	 1.250246e-02 
3.583950e-01 	 1.250245e-02 
3.522313e-01 	 1.250244e-02 
3.460674e-01 	 1.250233e-02 
3.399017e-01 	 1.250222e-02 
3.337360e-01 	 1.250210e-02 
3.275682e-01 	 1.250197e-02 
3.214005e-01 	 1.250193e-02 
3.152309e-01 	 1.250188e-02 
3.090612e-01 	 1.250183e-02 
3.059755e-01 	 1.250180e-02 
3.028898e-01 	 1.250177e-02 
2.998041e-01 	 1.250169e-02 
3.459883e-01 	 1.250218e-02 
3.398195e-01 	 1.250196e-02 
3.336507e-01 	 1.250174e-02 
3.274801e-01 	 1.250152e-02 
3.213096e-01 	 1.250136e-02 
3.182235e-01 	 1.250128e-02 
3.151375e-01 	 1.250120e-02 
3.120514e-01 	 1.250113e-02 
3.089653e-01 	 1.250105e-02 
3.058786e-01 	 1.250097e-02 
3.027918e-01 	 1.250089e-02 
2.997050e-01 	 1.250078e-02 
