 x 	 y 	 u 	 v 	 m 
  0.0617 	 0.0370 	 0.0000 	 0.0000 	 0.0000
  0.1235 	 0.0370 	 0.0000 	 0.0000 	 0.0000
  0.1852 	 0.0370 	 0.0000 	 0.0000 	 0.0000
  0.2469 	 0.0370 	 0.0000 	 0.0000 	 0.0000
  0.3086 	 0.0370 	 0.0000 	 0.0000 	 0.0000
  0.3704 	 0.0370 	 0.0000 	 0.0000 	 0.0000
  0.4321 	 0.0370 	 0.0000 	 0.0000 	 0.0000
  0.4938 	 0.0370 	 0.0000 	 0.0000 	 0.0000
  0.5556 	 0.0370 	 -0.0000 	 0.0000 	 0.0000
  0.6173 	 0.0370 	 -0.0000 	 0.0000 	 0.0000
  0.6790 	 0.0370 	 -0.0000 	 0.0000 	 0.0000
  0.7407 	 0.0370 	 -0.0000 	 0.0000 	 0.0000
  0.8025 	 0.0370 	 -0.0000 	 0.0000 	 0.0000
  0.8642 	 0.0370 	 -0.0000 	 0.0000 	 0.0000
  0.9259 	 0.0370 	 -0.0000 	 0.0000 	 0.0000
  0.0617 	 0.0741 	 0.0000 	 0.0000 	 0.0000
  0.1235 	 0.0741 	 0.0000 	 -0.0000 	 0.0000
  0.1852 	 0.0741 	 0.0000 	 -0.0000 	 0.0000
  0.2469 	 0.0741 	 0.0000 	 -0.0000 	 0.0000
  0.3086 	 0.0741 	 0.0000 	 -0.0000 	 0.0000
  0.3704 	 0.0741 	 0.0000 	 0.0000 	 0.0000
  0.4321 	 0.0741 	 0.0000 	 0.0000 	 0.0000
  0.4938 	 0.0741 	 0.0000 	 0.0000 	 0.0000
  0.5556 	 0.0741 	 -0.0000 	 0.0000 	 0.0000
  0.6173 	 0.0741 	 -0.0000 	 0.0000 	 0.0000
  0.6790 	 0.0741 	 -0.0000 	 0.0000 	 0.0000
  0.7407 	 0.0741 	 -0.0000 	 -0.0000 	 0.0000
  0.8025 	 0.0741 	 -0.0000 	 0.0000 	 0.0000
  0.8642 	 0.0741 	 -0.0000 	 -0.0000 	 0.0000
  0.9259 	 0.0741 	 -0.0000 	 -0.0000 	 0.0000
  0.0617 	 0.1111 	 0.0000 	 -0.0000 	 0.0000
  0.1235 	 0.1111 	 0.0000 	 -0.0000 	 0.0000
  0.1852 	 0.1111 	 0.0000 	 -0.0000 	 0.0000
  0.2469 	 0.1111 	 0.0000 	 -0.0000 	 0.0000
  0.3086 	 0.1111 	 0.0000 	 -0.0000 	 0.0000
  0.3704 	 0.1111 	 0.0000 	 -0.0000 	 0.0000
  0.4321 	 0.1111 	 0.0000 	 -0.0000 	 0.0000
  0.4938 	 0.1111 	 0.0000 	 -0.0000 	 0.0000
  0.5556 	 0.1111 	 -0.0000 	 -0.0000 	 0.0000
  0.6173 	 0.1111 	 -0.0000 	 -0.0000 	 0.0000
  0.6790 	 0.1111 	 -0.0000 	 -0.0000 	 0.0000
  0.7407 	 0.1111 	 -0.0000 	 -0.0000 	 0.0000
  0.8025 	 0.1111 	 -0.0000 	 -0.0000 	 0.0000
  0.8642 	 0.1111 	 -0.0000 	 -0.0000 	 0.0000
  0.9259 	 0.1111 	 -0.0000 	 -0.0000 	 0.0000
  0.0617 	 0.1481 	 0.0000 	 -0.0000 	 0.0000
  0.1235 	 0.1481 	 0.0000 	 -0.0000 	 0.0000
  0.1852 	 0.1481 	 0.0000 	 -0.0000 	 0.0000
  0.2469 	 0.1481 	 0.0000 	 -0.0000 	 0.0000
  0.3086 	 0.1481 	 0.0000 	 -0.0000 	 0.0000
  0.3704 	 0.1481 	 0.0000 	 -0.0000 	 0.0000
  0.4321 	 0.1481 	 0.0000 	 -0.0000 	 0.0000
  0.4938 	 0.1481 	 0.0000 	 -0.0000 	 0.0000
  0.5556 	 0.1481 	 -0.0000 	 -0.0000 	 0.0000
  0.6173 	 0.1481 	 -0.0000 	 -0.0000 	 0.0000
  0.6790 	 0.1481 	 -0.0000 	 -0.0000 	 0.0000
  0.7407 	 0.1481 	 -0.0000 	 -0.0000 	 0.0000
  0.8025 	 0.1481 	 -0.0000 	 -0.0000 	 0.0000
  0.8642 	 0.1481 	 -0.0000 	 -0.0000 	 0.0000
  0.9259 	 0.1481 	 -0.0000 	 -0.0000 	 0.0000
  0.0617 	 0.1852 	 0.0000 	 0.0000 	 0.0000
  0.1235 	 0.1852 	 0.0000 	 0.0000 	 0.0000
  0.1852 	 0.1852 	 0.0141 	 0.0042 	 147.6918
  0.2469 	 0.1852 	 0.0281 	 0.0073 	 290.1041
  0.3086 	 0.1852 	 0.0399 	 0.0157 	 429.0444
  0.3704 	 0.1852 	 0.0440 	 0.0300 	 533.0328
  0.4321 	 0.1852 	 0.0346 	 0.0412 	 538.1802
  0.4938 	 0.1852 	 0.0056 	 0.0486 	 489.6612
  0.5556 	 0.1852 	 -0.0229 	 0.0470 	 522.7327
  0.6173 	 0.1852 	 -0.0425 	 0.0355 	 554.0121
  0.6790 	 0.1852 	 -0.0437 	 0.0243 	 500.1380
  0.7407 	 0.1852 	 -0.0327 	 0.0112 	 345.4305
  0.8025 	 0.1852 	 -0.0198 	 0.0047 	 203.2116
  0.8642 	 0.1852 	 -0.0108 	 0.0034 	 112.9373
  0.9259 	 0.1852 	 -0.0000 	 0.0000 	 0.0000
  0.0617 	 0.2222 	 0.0000 	 -0.0000 	 0.0000
  0.1235 	 0.2222 	 0.0000 	 -0.0000 	 0.0000
  0.1852 	 0.2222 	 0.0143 	 -0.0002 	 143.1664
  0.2469 	 0.2222 	 0.0266 	 0.0013 	 266.6464
  0.3086 	 0.2222 	 0.0404 	 0.0065 	 409.1399
  0.3704 	 0.2222 	 0.0481 	 0.0172 	 510.3955
  0.4321 	 0.2222 	 0.0354 	 0.0283 	 453.1088
  0.4938 	 0.2222 	 0.0079 	 0.0362 	 370.6209
  0.5556 	 0.2222 	 -0.0260 	 0.0335 	 423.8357
  0.6173 	 0.2222 	 -0.0450 	 0.0240 	 510.0992
  0.6790 	 0.2222 	 -0.0449 	 0.0112 	 462.8037
  0.7407 	 0.2222 	 -0.0332 	 0.0037 	 333.7746
  0.8025 	 0.2222 	 -0.0187 	 0.0009 	 187.0070
  0.8642 	 0.2222 	 -0.0095 	 -0.0013 	 96.3496
  0.9259 	 0.2222 	 -0.0000 	 -0.0000 	 0.0000
  0.0617 	 0.2593 	 0.0000 	 -0.0000 	 0.0000
  0.1235 	 0.2593 	 0.0000 	 -0.0000 	 0.0000
  0.1852 	 0.2593 	 0.0121 	 -0.0096 	 154.6183
  0.2469 	 0.2593 	 0.0255 	 -0.0117 	 280.4106
  0.3086 	 0.2593 	 0.0400 	 -0.0193 	 444.2713
  0.3704 	 0.2593 	 0.0480 	 -0.0235 	 534.1386
  0.4321 	 0.2593 	 0.0382 	 -0.0219 	 440.4463
  0.4938 	 0.2593 	 0.0071 	 -0.0223 	 234.5009
  0.5556 	 0.2593 	 -0.0263 	 -0.0225 	 345.7428
  0.6173 	 0.2593 	 -0.0472 	 -0.0227 	 524.0918
  0.6790 	 0.2593 	 -0.0447 	 -0.0218 	 497.6078
  0.7407 	 0.2593 	 -0.0312 	 -0.0166 	 353.4817
  0.8025 	 0.2593 	 -0.0180 	 -0.0099 	 205.3213
  0.8642 	 0.2593 	 -0.0074 	 -0.0071 	 102.6778
  0.9259 	 0.2593 	 -0.0000 	 -0.0000 	 0.0000
  0.0617 	 0.2963 	 0.0000 	 -0.0000 	 0.0000
  0.1235 	 0.2963 	 0.0000 	 -0.0000 	 0.0000
  0.1852 	 0.2963 	 0.0111 	 -0.0048 	 120.7505
  0.2469 	 0.2963 	 0.0259 	 -0.0104 	 278.8445
  0.3086 	 0.2963 	 0.0405 	 -0.0155 	 433.3783
  0.3704 	 0.2963 	 0.0514 	 -0.0220 	 559.3234
  0.4321 	 0.2963 	 0.0407 	 -0.0269 	 487.9405
  0.4938 	 0.2963 	 0.0085 	 -0.0272 	 285.1246
  0.5556 	 0.2963 	 -0.0295 	 -0.0267 	 398.2914
  0.6173 	 0.2963 	 -0.0495 	 -0.0256 	 557.1321
  0.6790 	 0.2963 	 -0.0470 	 -0.0195 	 508.5321
  0.7407 	 0.2963 	 -0.0319 	 -0.0122 	 341.6388
  0.8025 	 0.2963 	 -0.0167 	 -0.0087 	 188.1972
  0.8642 	 0.2963 	 -0.0073 	 -0.0027 	 77.6106
  0.9259 	 0.2963 	 -0.0000 	 -0.0000 	 0.0000
  0.0617 	 0.3333 	 0.0000 	 0.0000 	 0.0000
  0.1235 	 0.3333 	 0.0000 	 0.0000 	 0.0000
  0.1852 	 0.3333 	 0.0119 	 0.0035 	 124.5449
  0.2469 	 0.3333 	 0.0255 	 0.0030 	 256.5158
  0.3086 	 0.3333 	 0.0446 	 0.0099 	 456.5542
  0.3704 	 0.3333 	 0.0565 	 0.0173 	 590.9282
  0.4321 	 0.3333 	 0.0453 	 0.0250 	 517.1779
  0.4938 	 0.3333 	 0.0105 	 0.0315 	 332.0700
  0.5556 	 0.3333 	 -0.0340 	 0.0289 	 446.0149
  0.6173 	 0.3333 	 -0.0551 	 0.0221 	 593.6061
  0.6790 	 0.3333 	 -0.0509 	 0.0135 	 526.5739
  0.7407 	 0.3333 	 -0.0340 	 0.0064 	 345.7528
  0.8025 	 0.3333 	 -0.0163 	 0.0030 	 166.0610
  0.8642 	 0.3333 	 -0.0075 	 0.0022 	 78.0594
  0.9259 	 0.3333 	 -0.0000 	 0.0000 	 0.0000
  0.0617 	 0.3704 	 0.0000 	 -0.0000 	 0.0000
  0.1235 	 0.3704 	 0.0000 	 -0.0000 	 0.0000
  0.1852 	 0.3704 	 0.0111 	 -0.0008 	 111.4630
  0.2469 	 0.3704 	 0.0248 	 0.0039 	 251.3734
  0.3086 	 0.3704 	 0.0464 	 0.0085 	 471.8370
  0.3704 	 0.3704 	 0.0606 	 0.0258 	 659.0117
  0.4321 	 0.3704 	 0.0520 	 0.0436 	 678.2912
  0.4938 	 0.3704 	 0.0098 	 0.0535 	 543.6660
  0.5556 	 0.3704 	 -0.0364 	 0.0513 	 628.7635
  0.6173 	 0.3704 	 -0.0612 	 0.0350 	 705.0581
  0.6790 	 0.3704 	 -0.0544 	 0.0184 	 574.1293
  0.7407 	 0.3704 	 -0.0332 	 0.0044 	 335.2387
  0.8025 	 0.3704 	 -0.0162 	 0.0023 	 163.2300
  0.8642 	 0.3704 	 -0.0061 	 -0.0014 	 62.5518
  0.9259 	 0.3704 	 -0.0000 	 -0.0000 	 0.0000
  0.0617 	 0.4074 	 0.0000 	 -0.0000 	 0.0000
  0.1235 	 0.4074 	 0.0000 	 -0.0000 	 0.0000
  0.1852 	 0.4074 	 0.0085 	 -0.0071 	 110.9961
  0.2469 	 0.4074 	 0.0235 	 -0.0095 	 253.9158
  0.3086 	 0.4074 	 0.0438 	 -0.0140 	 459.9633
  0.3704 	 0.4074 	 0.0639 	 -0.0118 	 650.0874
  0.4321 	 0.4074 	 0.0537 	 -0.0022 	 537.4232
  0.4938 	 0.4074 	 0.0124 	 0.0045 	 131.7497
  0.5556 	 0.4074 	 -0.0407 	 0.0014 	 407.4083
  0.6173 	 0.4074 	 -0.0631 	 -0.0059 	 633.6836
  0.6790 	 0.4074 	 -0.0548 	 -0.0145 	 566.8258
  0.7407 	 0.4074 	 -0.0308 	 -0.0118 	 330.2707
  0.8025 	 0.4074 	 -0.0141 	 -0.0087 	 165.8265
  0.8642 	 0.4074 	 -0.0045 	 -0.0048 	 65.9757
  0.9259 	 0.4074 	 -0.0000 	 -0.0000 	 0.0000
  0.0617 	 0.4444 	 -0.0000 	 0.0000 	 0.0000
  0.1235 	 0.4444 	 -0.0000 	 -0.0000 	 0.0000
  0.1852 	 0.4444 	 -0.0042 	 -0.0025 	 48.6350
  0.2469 	 0.4444 	 -0.0097 	 -0.0095 	 135.5812
  0.3086 	 0.4444 	 -0.0190 	 -0.0133 	 231.8398
  0.3704 	 0.4444 	 -0.0272 	 -0.0220 	 349.8403
  0.4321 	 0.4444 	 -0.0240 	 -0.0222 	 327.3731
  0.4938 	 0.4444 	 -0.0048 	 -0.0198 	 204.1553
  0.5556 	 0.4444 	 0.0172 	 -0.0207 	 269.3594
  0.6173 	 0.4444 	 0.0279 	 -0.0227 	 359.6425
  0.6790 	 0.4444 	 0.0233 	 -0.0190 	 300.3439
  0.7407 	 0.4444 	 0.0131 	 -0.0109 	 170.2695
  0.8025 	 0.4444 	 0.0062 	 -0.0065 	 89.7909
  0.8642 	 0.4444 	 0.0021 	 -0.0012 	 24.5096
  0.9259 	 0.4444 	 0.0000 	 -0.0000 	 0.0000
  0.0617 	 0.4815 	 0.0000 	 0.0000 	 0.0000
  0.1235 	 0.4815 	 0.0000 	 0.0000 	 0.0000
  0.1852 	 0.4815 	 0.0001 	 0.0004 	 3.6928
  0.2469 	 0.4815 	 0.0001 	 0.0010 	 9.7419
  0.3086 	 0.4815 	 -0.0002 	 0.0019 	 19.1362
  0.3704 	 0.4815 	 -0.0007 	 0.0023 	 24.1663
  0.4321 	 0.4815 	 -0.0010 	 0.0016 	 19.3132
  0.4938 	 0.4815 	 -0.0002 	 0.0010 	 10.5972
  0.5556 	 0.4815 	 0.0007 	 0.0012 	 14.2185
  0.6173 	 0.4815 	 0.0010 	 0.0020 	 22.3622
  0.6790 	 0.4815 	 0.0003 	 0.0023 	 23.2168
  0.7407 	 0.4815 	 0.0000 	 0.0015 	 14.7187
  0.8025 	 0.4815 	 -0.0001 	 0.0006 	 6.4194
  0.8642 	 0.4815 	 -0.0001 	 0.0002 	 2.3727
  0.9259 	 0.4815 	 -0.0000 	 0.0000 	 0.0000
  0.0617 	 0.5185 	 -0.0000 	 -0.0000 	 0.0000
  0.1235 	 0.5185 	 -0.0000 	 -0.0000 	 0.0000
  0.1852 	 0.5185 	 -0.0003 	 -0.0000 	 3.2356
  0.2469 	 0.5185 	 -0.0008 	 0.0001 	 8.0214
  0.3086 	 0.5185 	 -0.0016 	 0.0008 	 18.1878
  0.3704 	 0.5185 	 -0.0025 	 0.0026 	 35.7922
  0.4321 	 0.5185 	 -0.0022 	 0.0053 	 57.1361
  0.4938 	 0.5185 	 -0.0006 	 0.0068 	 68.1046
  0.5556 	 0.5185 	 0.0017 	 0.0063 	 65.7069
  0.6173 	 0.5185 	 0.0025 	 0.0041 	 47.9732
  0.6790 	 0.5185 	 0.0021 	 0.0016 	 26.1257
  0.7407 	 0.5185 	 0.0011 	 0.0004 	 11.7435
  0.8025 	 0.5185 	 0.0005 	 0.0000 	 4.8863
  0.8642 	 0.5185 	 0.0002 	 -0.0000 	 1.6609
  0.9259 	 0.5185 	 0.0000 	 -0.0000 	 0.0000
  0.0617 	 0.5556 	 0.0000 	 0.0000 	 0.0000
  0.1235 	 0.5556 	 0.0000 	 0.0000 	 0.0000
  0.1852 	 0.5556 	 -0.0000 	 0.0001 	 0.8003
  0.2469 	 0.5556 	 -0.0005 	 -0.0002 	 5.1491
  0.3086 	 0.5556 	 -0.0018 	 -0.0016 	 24.1825
  0.3704 	 0.5556 	 -0.0037 	 -0.0059 	 69.4979
  0.4321 	 0.5556 	 -0.0041 	 -0.0128 	 133.8099
  0.4938 	 0.5556 	 -0.0009 	 -0.0174 	 174.1626
  0.5556 	 0.5556 	 0.0030 	 -0.0159 	 162.0716
  0.6173 	 0.5556 	 0.0043 	 -0.0096 	 105.2635
  0.6790 	 0.5556 	 0.0026 	 -0.0035 	 43.5786
  0.7407 	 0.5556 	 0.0009 	 -0.0007 	 11.7407
  0.8025 	 0.5556 	 0.0001 	 0.0000 	 1.3435
  0.8642 	 0.5556 	 -0.0000 	 0.0001 	 0.8145
  0.9259 	 0.5556 	 -0.0000 	 0.0000 	 0.0000
  0.0617 	 0.5926 	 -0.0000 	 -0.0000 	 0.0000
  0.1235 	 0.5926 	 -0.0000 	 -0.0000 	 0.0000
  0.1852 	 0.5926 	 -0.0001 	 0.0002 	 1.7618
  0.2469 	 0.5926 	 0.0000 	 0.0010 	 10.4286
  0.3086 	 0.5926 	 0.0000 	 0.0038 	 38.1420
  0.3704 	 0.5926 	 -0.0003 	 0.0094 	 94.1893
  0.4321 	 0.5926 	 -0.0006 	 0.0164 	 164.5155
  0.4938 	 0.5926 	 -0.0002 	 0.0204 	 204.1764
  0.5556 	 0.5926 	 0.0006 	 0.0192 	 192.1543
  0.6173 	 0.5926 	 0.0004 	 0.0134 	 134.3278
  0.6790 	 0.5926 	 0.0001 	 0.0065 	 65.3057
  0.7407 	 0.5926 	 -0.0000 	 0.0023 	 22.6520
  0.8025 	 0.5926 	 0.0000 	 0.0005 	 4.9775
  0.8642 	 0.5926 	 0.0001 	 0.0000 	 0.7373
  0.9259 	 0.5926 	 0.0000 	 -0.0000 	 0.0000
  0.0617 	 0.6296 	 0.0000 	 0.0000 	 0.0000
  0.1235 	 0.6296 	 0.0000 	 0.0000 	 0.0000
  0.1852 	 0.6296 	 -0.0001 	 -0.0001 	 1.8934
  0.2469 	 0.6296 	 -0.0009 	 -0.0008 	 12.1329
  0.3086 	 0.6296 	 -0.0029 	 -0.0032 	 43.0732
  0.3704 	 0.6296 	 -0.0059 	 -0.0087 	 105.1046
  0.4321 	 0.6296 	 -0.0064 	 -0.0170 	 181.2426
  0.4938 	 0.6296 	 -0.0014 	 -0.0224 	 224.9522
  0.5556 	 0.6296 	 0.0048 	 -0.0207 	 212.5934
  0.6173 	 0.6296 	 0.0067 	 -0.0132 	 148.3231
  0.6790 	 0.6296 	 0.0042 	 -0.0057 	 70.9217
  0.7407 	 0.6296 	 0.0016 	 -0.0018 	 24.0033
  0.8025 	 0.6296 	 0.0003 	 -0.0004 	 5.1516
  0.8642 	 0.6296 	 0.0000 	 -0.0000 	 0.4479
  0.9259 	 0.6296 	 -0.0000 	 0.0000 	 0.0000
  0.0617 	 0.6667 	 -0.0000 	 -0.0000 	 0.0000
  0.1235 	 0.6667 	 -0.0000 	 0.0000 	 0.0000
  0.1852 	 0.6667 	 0.0001 	 0.0002 	 2.1927
  0.2469 	 0.6667 	 0.0005 	 0.0011 	 11.7060
  0.3086 	 0.6667 	 0.0007 	 0.0037 	 37.7847
  0.3704 	 0.6667 	 0.0001 	 0.0084 	 84.2901
  0.4321 	 0.6667 	 -0.0010 	 0.0130 	 130.7692
  0.4938 	 0.6667 	 -0.0004 	 0.0148 	 147.6600
  0.5556 	 0.6667 	 0.0011 	 0.0143 	 143.3376
  0.6173 	 0.6667 	 0.0004 	 0.0113 	 112.7364
  0.6790 	 0.6667 	 -0.0006 	 0.0061 	 61.4383
  0.7407 	 0.6667 	 -0.0006 	 0.0022 	 23.3605
  0.8025 	 0.6667 	 -0.0002 	 0.0005 	 5.8065
  0.8642 	 0.6667 	 -0.0000 	 0.0001 	 0.7472
  0.9259 	 0.6667 	 0.0000 	 -0.0000 	 0.0000
  0.0617 	 0.7037 	 0.0000 	 0.0000 	 0.0000
  0.1235 	 0.7037 	 -0.0000 	 -0.0000 	 0.0000
  0.1852 	 0.7037 	 -0.0002 	 -0.0001 	 2.0559
  0.2469 	 0.7037 	 -0.0008 	 -0.0006 	 10.0591
  0.3086 	 0.7037 	 -0.0025 	 -0.0018 	 30.6470
  0.3704 	 0.7037 	 -0.0052 	 -0.0039 	 64.9164
  0.4321 	 0.7037 	 -0.0061 	 -0.0067 	 90.5683
  0.4938 	 0.7037 	 -0.0014 	 -0.0085 	 86.0701
  0.5556 	 0.7037 	 0.0047 	 -0.0079 	 91.9663
  0.6173 	 0.7037 	 0.0061 	 -0.0055 	 81.9549
  0.6790 	 0.7037 	 0.0035 	 -0.0029 	 45.5251
  0.7407 	 0.7037 	 0.0013 	 -0.0012 	 17.8724
  0.8025 	 0.7037 	 0.0003 	 -0.0003 	 4.7215
  0.8642 	 0.7037 	 0.0000 	 -0.0001 	 0.7059
  0.9259 	 0.7037 	 -0.0000 	 -0.0000 	 0.0000
  0.0617 	 0.7407 	 -0.0000 	 -0.0000 	 0.0000
  0.1235 	 0.7407 	 0.0000 	 0.0000 	 0.0000
  0.1852 	 0.7407 	 0.0001 	 0.0001 	 1.4552
  0.2469 	 0.7407 	 0.0003 	 0.0005 	 5.8906
  0.3086 	 0.7407 	 0.0001 	 0.0012 	 12.4503
  0.3704 	 0.7407 	 -0.0019 	 0.0011 	 22.3121
  0.4321 	 0.7407 	 -0.0041 	 -0.0020 	 45.8516
  0.4938 	 0.7407 	 -0.0013 	 -0.0061 	 62.0943
  0.5556 	 0.7407 	 0.0037 	 -0.0047 	 59.9969
  0.6173 	 0.7407 	 0.0031 	 -0.0002 	 31.2338
  0.6790 	 0.7407 	 0.0005 	 0.0015 	 15.3955
  0.7407 	 0.7407 	 -0.0004 	 0.0009 	 9.5585
  0.8025 	 0.7407 	 -0.0002 	 0.0003 	 3.2415
  0.8642 	 0.7407 	 -0.0000 	 0.0000 	 0.5202
  0.9259 	 0.7407 	 0.0000 	 -0.0000 	 0.0000
  0.0617 	 0.7778 	 -0.0000 	 0.0000 	 0.0000
  0.1235 	 0.7778 	 -0.0000 	 -0.0000 	 0.0000
  0.1852 	 0.7778 	 -0.0001 	 -0.0001 	 0.9660
  0.2469 	 0.7778 	 -0.0003 	 -0.0001 	 3.2496
  0.3086 	 0.7778 	 -0.0008 	 0.0007 	 10.9512
  0.3704 	 0.7778 	 -0.0024 	 0.0039 	 45.8035
  0.4321 	 0.7778 	 -0.0040 	 0.0089 	 97.7132
  0.4938 	 0.7778 	 -0.0011 	 0.0122 	 122.7550
  0.5556 	 0.7778 	 0.0034 	 0.0113 	 117.7885
  0.6173 	 0.7778 	 0.0033 	 0.0066 	 74.1555
  0.6790 	 0.7778 	 0.0013 	 0.0021 	 24.8306
  0.7407 	 0.7778 	 0.0005 	 0.0002 	 5.0631
  0.8025 	 0.7778 	 0.0002 	 -0.0001 	 1.7928
  0.8642 	 0.7778 	 0.0000 	 -0.0000 	 0.3698
  0.9259 	 0.7778 	 0.0000 	 -0.0000 	 0.0000
  0.0617 	 0.8148 	 -0.0000 	 -0.0000 	 0.0000
  0.1235 	 0.8148 	 -0.0000 	 -0.0000 	 0.0000
  0.1852 	 0.8148 	 0.0000 	 0.0000 	 0.2440
  0.2469 	 0.8148 	 -0.0000 	 -0.0001 	 0.9333
  0.3086 	 0.8148 	 -0.0011 	 -0.0011 	 15.2535
  0.3704 	 0.8148 	 -0.0047 	 -0.0051 	 69.4296
  0.4321 	 0.8148 	 -0.0084 	 -0.0137 	 160.8803
  0.4938 	 0.8148 	 -0.0025 	 -0.0220 	 221.0277
  0.5556 	 0.8148 	 0.0074 	 -0.0192 	 205.9996
  0.6173 	 0.8148 	 0.0068 	 -0.0094 	 115.6095
  0.6790 	 0.8148 	 0.0022 	 -0.0028 	 35.4230
  0.7407 	 0.8148 	 0.0002 	 -0.0004 	 4.9759
  0.8025 	 0.8148 	 -0.0000 	 -0.0000 	 0.3338
  0.8642 	 0.8148 	 -0.0000 	 0.0000 	 0.0600
  0.9259 	 0.8148 	 0.0000 	 -0.0000 	 0.0000
  0.0617 	 0.8519 	 -0.0000 	 0.0000 	 0.0000
  0.1235 	 0.8519 	 -0.0000 	 0.0000 	 0.0000
  0.1852 	 0.8519 	 -0.0000 	 0.0000 	 0.1197
  0.2469 	 0.8519 	 0.0001 	 0.0002 	 2.3050
  0.3086 	 0.8519 	 0.0005 	 0.0018 	 18.8390
  0.3704 	 0.8519 	 0.0000 	 0.0073 	 73.4530
  0.4321 	 0.8519 	 -0.0025 	 0.0163 	 164.4481
  0.4938 	 0.8519 	 -0.0009 	 0.0221 	 221.2696
  0.5556 	 0.8519 	 0.0026 	 0.0204 	 205.7740
  0.6173 	 0.8519 	 0.0010 	 0.0122 	 122.3505
  0.6790 	 0.8519 	 -0.0006 	 0.0042 	 42.6971
  0.7407 	 0.8519 	 -0.0002 	 0.0008 	 8.1340
  0.8025 	 0.8519 	 0.0000 	 0.0001 	 0.5769
  0.8642 	 0.8519 	 0.0000 	 -0.0000 	 0.0833
  0.9259 	 0.8519 	 0.0000 	 0.0000 	 0.0000
  0.0617 	 0.8889 	 -0.0000 	 -0.0000 	 0.0000
  0.1235 	 0.8889 	 -0.0000 	 -0.0000 	 0.0000
  0.1852 	 0.8889 	 -0.0000 	 -0.0000 	 0.2512
  0.2469 	 0.8889 	 -0.0002 	 -0.0002 	 2.7110
  0.3086 	 0.8889 	 -0.0014 	 -0.0014 	 19.8516
  0.3704 	 0.8889 	 -0.0058 	 -0.0054 	 79.1905
  0.4321 	 0.8889 	 -0.0108 	 -0.0139 	 176.0050
  0.4938 	 0.8889 	 -0.0033 	 -0.0222 	 224.4155
  0.5556 	 0.8889 	 0.0098 	 -0.0194 	 217.4078
  0.6173 	 0.8889 	 0.0085 	 -0.0096 	 128.0386
  0.6790 	 0.8889 	 0.0028 	 -0.0031 	 41.5478
  0.7407 	 0.8889 	 0.0005 	 -0.0006 	 7.8190
  0.8025 	 0.8889 	 0.0000 	 -0.0001 	 0.8097
  0.8642 	 0.8889 	 0.0000 	 -0.0000 	 0.1239
  0.9259 	 0.8889 	 0.0000 	 -0.0000 	 0.0000
  0.0617 	 0.9259 	 -0.0000 	 0.0000 	 0.0000
  0.1235 	 0.9259 	 -0.0000 	 0.0000 	 0.0000
  0.1852 	 0.9259 	 -0.0000 	 0.0000 	 0.0000
  0.2469 	 0.9259 	 0.0000 	 0.0000 	 0.0000
  0.3086 	 0.9259 	 0.0000 	 0.0000 	 0.0000
  0.3704 	 0.9259 	 0.0000 	 0.0000 	 0.0000
  0.4321 	 0.9259 	 -0.0000 	 0.0000 	 0.0000
  0.4938 	 0.9259 	 -0.0000 	 0.0000 	 0.0000
  0.5556 	 0.9259 	 0.0000 	 0.0000 	 0.0000
  0.6173 	 0.9259 	 0.0000 	 0.0000 	 0.0000
  0.6790 	 0.9259 	 -0.0000 	 0.0000 	 0.0000
  0.7407 	 0.9259 	 -0.0000 	 0.0000 	 0.0000
  0.8025 	 0.9259 	 -0.0000 	 0.0000 	 0.0000
  0.8642 	 0.9259 	 0.0000 	 0.0000 	 0.0000
  0.9259 	 0.9259 	 0.0000 	 0.0000 	 0.0000
  0.0617 	 0.9630 	 -0.0000 	 -0.0000 	 0.0000
  0.1235 	 0.9630 	 -0.0000 	 -0.0000 	 0.0000
  0.1852 	 0.9630 	 -0.0000 	 -0.0000 	 0.0000
  0.2469 	 0.9630 	 -0.0000 	 0.0000 	 0.0000
  0.3086 	 0.9630 	 -0.0000 	 0.0000 	 0.0000
  0.3704 	 0.9630 	 -0.0000 	 0.0000 	 0.0000
  0.4321 	 0.9630 	 -0.0000 	 -0.0000 	 0.0000
  0.4938 	 0.9630 	 -0.0000 	 -0.0000 	 0.0000
  0.5556 	 0.9630 	 0.0000 	 -0.0000 	 0.0000
  0.6173 	 0.9630 	 0.0000 	 -0.0000 	 0.0000
  0.6790 	 0.9630 	 0.0000 	 0.0000 	 0.0000
  0.7407 	 0.9630 	 0.0000 	 0.0000 	 0.0000
  0.8025 	 0.9630 	 0.0000 	 0.0000 	 0.0000
  0.8642 	 0.9630 	 0.0000 	 -0.0000 	 0.0000
  0.9259 	 0.9630 	 0.0000 	 -0.0000 	 0.0000
 