 x 	 y 	 u 	 v 	 m 
  0.0617 	 0.0370 	 -0.0000 	 -0.0000 	 0.0000
  0.1235 	 0.0370 	 0.0000 	 -0.0000 	 0.0000
  0.1852 	 0.0370 	 0.0000 	 -0.0000 	 0.0000
  0.2469 	 0.0370 	 0.0000 	 -0.0000 	 0.0000
  0.3086 	 0.0370 	 0.0000 	 -0.0000 	 0.0000
  0.3704 	 0.0370 	 0.0000 	 -0.0000 	 0.0000
  0.4321 	 0.0370 	 0.0000 	 -0.0000 	 0.0000
  0.4938 	 0.0370 	 0.0000 	 -0.0000 	 0.0000
  0.5556 	 0.0370 	 -0.0000 	 -0.0000 	 0.0000
  0.6173 	 0.0370 	 -0.0000 	 -0.0000 	 0.0000
  0.6790 	 0.0370 	 -0.0000 	 -0.0000 	 0.0000
  0.7407 	 0.0370 	 -0.0000 	 -0.0000 	 0.0000
  0.8025 	 0.0370 	 -0.0000 	 -0.0000 	 0.0000
  0.8642 	 0.0370 	 -0.0000 	 -0.0000 	 0.0000
  0.9259 	 0.0370 	 -0.0000 	 -0.0000 	 0.0000
  0.0617 	 0.0741 	 0.0000 	 0.0000 	 0.0000
  0.1235 	 0.0741 	 0.0000 	 -0.0000 	 0.0000
  0.1852 	 0.0741 	 0.0000 	 -0.0000 	 0.0000
  0.2469 	 0.0741 	 0.0000 	 -0.0000 	 0.0000
  0.3086 	 0.0741 	 0.0000 	 -0.0000 	 0.0000
  0.3704 	 0.0741 	 0.0000 	 -0.0000 	 0.0000
  0.4321 	 0.0741 	 0.0000 	 -0.0000 	 0.0000
  0.4938 	 0.0741 	 0.0000 	 -0.0000 	 0.0000
  0.5556 	 0.0741 	 -0.0000 	 -0.0000 	 0.0000
  0.6173 	 0.0741 	 -0.0000 	 -0.0000 	 0.0000
  0.6790 	 0.0741 	 -0.0000 	 -0.0000 	 0.0000
  0.7407 	 0.0741 	 -0.0000 	 -0.0000 	 0.0000
  0.8025 	 0.0741 	 -0.0000 	 -0.0000 	 0.0000
  0.8642 	 0.0741 	 -0.0000 	 -0.0000 	 0.0000
  0.9259 	 0.0741 	 -0.0000 	 0.0000 	 0.0000
  0.0617 	 0.1111 	 0.0000 	 0.0000 	 0.0000
  0.1235 	 0.1111 	 0.0000 	 0.0000 	 0.0000
  0.1852 	 0.1111 	 0.0000 	 0.0000 	 0.0000
  0.2469 	 0.1111 	 0.0000 	 0.0000 	 0.0000
  0.3086 	 0.1111 	 0.0000 	 0.0000 	 0.0000
  0.3704 	 0.1111 	 0.0000 	 0.0000 	 0.0000
  0.4321 	 0.1111 	 0.0000 	 0.0000 	 0.0000
  0.4938 	 0.1111 	 0.0000 	 0.0000 	 0.0000
  0.5556 	 0.1111 	 -0.0000 	 0.0000 	 0.0000
  0.6173 	 0.1111 	 -0.0000 	 0.0000 	 0.0000
  0.6790 	 0.1111 	 -0.0000 	 0.0000 	 0.0000
  0.7407 	 0.1111 	 -0.0000 	 0.0000 	 0.0000
  0.8025 	 0.1111 	 -0.0000 	 0.0000 	 0.0000
  0.8642 	 0.1111 	 -0.0000 	 0.0000 	 0.0000
  0.9259 	 0.1111 	 -0.0000 	 0.0000 	 0.0000
  0.0617 	 0.1481 	 0.0000 	 0.0000 	 0.0000
  0.1235 	 0.1481 	 0.0000 	 0.0000 	 0.0000
  0.1852 	 0.1481 	 0.0000 	 0.0000 	 0.0000
  0.2469 	 0.1481 	 0.0000 	 0.0000 	 0.0000
  0.3086 	 0.1481 	 0.0000 	 0.0000 	 0.0000
  0.3704 	 0.1481 	 0.0000 	 0.0000 	 0.0000
  0.4321 	 0.1481 	 0.0000 	 0.0000 	 0.0000
  0.4938 	 0.1481 	 0.0000 	 0.0000 	 0.0000
  0.5556 	 0.1481 	 -0.0000 	 0.0000 	 0.0000
  0.6173 	 0.1481 	 -0.0000 	 0.0000 	 0.0000
  0.6790 	 0.1481 	 -0.0000 	 0.0000 	 0.0000
  0.7407 	 0.1481 	 -0.0000 	 0.0000 	 0.0000
  0.8025 	 0.1481 	 -0.0000 	 0.0000 	 0.0000
  0.8642 	 0.1481 	 -0.0000 	 0.0000 	 0.0000
  0.9259 	 0.1481 	 -0.0000 	 0.0000 	 0.0000
  0.0617 	 0.1852 	 0.0000 	 -0.0000 	 0.0000
  0.1235 	 0.1852 	 0.0000 	 -0.0000 	 0.0000
  0.1852 	 0.1852 	 0.0000 	 -0.0000 	 0.0000
  0.2469 	 0.1852 	 0.0000 	 -0.0000 	 0.0000
  0.3086 	 0.1852 	 0.0000 	 -0.0000 	 0.0000
  0.3704 	 0.1852 	 0.0000 	 -0.0000 	 0.0000
  0.4321 	 0.1852 	 0.0000 	 -0.0000 	 0.0000
  0.4938 	 0.1852 	 0.0000 	 -0.0000 	 0.0000
  0.5556 	 0.1852 	 -0.0000 	 -0.0000 	 0.0000
  0.6173 	 0.1852 	 -0.0000 	 -0.0000 	 0.0000
  0.6790 	 0.1852 	 -0.0000 	 -0.0000 	 0.0000
  0.7407 	 0.1852 	 -0.0000 	 -0.0000 	 0.0000
  0.8025 	 0.1852 	 -0.0000 	 -0.0000 	 0.0000
  0.8642 	 0.1852 	 -0.0000 	 -0.0000 	 0.0000
  0.9259 	 0.1852 	 -0.0000 	 -0.0000 	 0.0000
  0.0617 	 0.2222 	 0.0000 	 -0.0000 	 0.0000
  0.1235 	 0.2222 	 0.0000 	 -0.0000 	 0.0000
  0.1852 	 0.2222 	 0.0000 	 -0.0000 	 0.0000
  0.2469 	 0.2222 	 0.0000 	 -0.0000 	 0.0000
  0.3086 	 0.2222 	 0.0000 	 -0.0000 	 0.0000
  0.3704 	 0.2222 	 0.0000 	 -0.0000 	 0.0000
  0.4321 	 0.2222 	 0.0000 	 -0.0000 	 0.0000
  0.4938 	 0.2222 	 0.0000 	 -0.0000 	 0.0000
  0.5556 	 0.2222 	 -0.0000 	 -0.0000 	 0.0000
  0.6173 	 0.2222 	 -0.0000 	 -0.0000 	 0.0000
  0.6790 	 0.2222 	 -0.0000 	 -0.0000 	 0.0000
  0.7407 	 0.2222 	 -0.0000 	 -0.0000 	 0.0000
  0.8025 	 0.2222 	 -0.0000 	 -0.0000 	 0.0000
  0.8642 	 0.2222 	 -0.0000 	 -0.0000 	 0.0000
  0.9259 	 0.2222 	 -0.0000 	 -0.0000 	 0.0000
  0.0617 	 0.2593 	 0.0000 	 0.0000 	 0.0000
  0.1235 	 0.2593 	 0.0000 	 0.0000 	 0.0000
  0.1852 	 0.2593 	 0.0000 	 0.0000 	 0.0000
  0.2469 	 0.2593 	 0.0000 	 0.0000 	 0.0000
  0.3086 	 0.2593 	 0.0000 	 0.0000 	 0.0000
  0.3704 	 0.2593 	 0.0000 	 -0.0000 	 0.0000
  0.4321 	 0.2593 	 0.0000 	 -0.0000 	 0.0000
  0.4938 	 0.2593 	 0.0000 	 -0.0000 	 0.0000
  0.5556 	 0.2593 	 -0.0000 	 -0.0000 	 0.0000
  0.6173 	 0.2593 	 -0.0000 	 -0.0000 	 0.0000
  0.6790 	 0.2593 	 -0.0000 	 -0.0000 	 0.0000
  0.7407 	 0.2593 	 -0.0000 	 0.0000 	 0.0000
  0.8025 	 0.2593 	 -0.0000 	 0.0000 	 0.0000
  0.8642 	 0.2593 	 -0.0000 	 0.0000 	 0.0000
  0.9259 	 0.2593 	 -0.0000 	 0.0000 	 0.0000
  0.0617 	 0.2963 	 0.0000 	 0.0000 	 0.0000
  0.1235 	 0.2963 	 0.0000 	 0.0000 	 0.0000
  0.1852 	 0.2963 	 0.0000 	 0.0000 	 0.0000
  0.2469 	 0.2963 	 0.0000 	 0.0000 	 0.0000
  0.3086 	 0.2963 	 0.0000 	 0.0000 	 0.0000
  0.3704 	 0.2963 	 0.0000 	 0.0000 	 0.0000
  0.4321 	 0.2963 	 0.0000 	 0.0000 	 0.0000
  0.4938 	 0.2963 	 0.0000 	 0.0000 	 0.0000
  0.5556 	 0.2963 	 -0.0000 	 0.0000 	 0.0000
  0.6173 	 0.2963 	 -0.0000 	 0.0000 	 0.0000
  0.6790 	 0.2963 	 -0.0000 	 0.0000 	 0.0000
  0.7407 	 0.2963 	 -0.0000 	 0.0000 	 0.0000
  0.8025 	 0.2963 	 -0.0000 	 0.0000 	 0.0000
  0.8642 	 0.2963 	 -0.0000 	 0.0000 	 0.0000
  0.9259 	 0.2963 	 -0.0000 	 0.0000 	 0.0000
  0.0617 	 0.3333 	 0.0000 	 0.0000 	 0.0000
  0.1235 	 0.3333 	 0.0000 	 0.0000 	 0.0000
  0.1852 	 0.3333 	 0.0000 	 0.0000 	 0.0000
  0.2469 	 0.3333 	 0.0000 	 0.0000 	 0.0000
  0.3086 	 0.3333 	 0.0000 	 0.0000 	 0.0000
  0.3704 	 0.3333 	 0.0000 	 0.0000 	 0.0000
  0.4321 	 0.3333 	 0.0000 	 0.0000 	 0.0000
  0.4938 	 0.3333 	 0.0000 	 0.0000 	 0.0000
  0.5556 	 0.3333 	 -0.0000 	 0.0000 	 0.0000
  0.6173 	 0.3333 	 -0.0000 	 0.0000 	 0.0000
  0.6790 	 0.3333 	 -0.0000 	 0.0000 	 0.0000
  0.7407 	 0.3333 	 -0.0000 	 0.0000 	 0.0000
  0.8025 	 0.3333 	 -0.0000 	 0.0000 	 0.0000
  0.8642 	 0.3333 	 -0.0000 	 0.0000 	 0.0000
  0.9259 	 0.3333 	 -0.0000 	 0.0000 	 0.0000
  0.0617 	 0.3704 	 0.0000 	 -0.0000 	 0.0000
  0.1235 	 0.3704 	 0.0000 	 -0.0000 	 0.0000
  0.1852 	 0.3704 	 0.0000 	 -0.0000 	 0.0000
  0.2469 	 0.3704 	 0.0000 	 -0.0000 	 0.0000
  0.3086 	 0.3704 	 0.0000 	 -0.0000 	 0.0000
  0.3704 	 0.3704 	 0.0000 	 -0.0000 	 0.0000
  0.4321 	 0.3704 	 0.0000 	 -0.0000 	 0.0000
  0.4938 	 0.3704 	 0.0000 	 -0.0000 	 0.0000
  0.5556 	 0.3704 	 -0.0000 	 -0.0000 	 0.0000
  0.6173 	 0.3704 	 -0.0000 	 -0.0000 	 0.0000
  0.6790 	 0.3704 	 -0.0000 	 -0.0000 	 0.0000
  0.7407 	 0.3704 	 -0.0000 	 -0.0000 	 0.0000
  0.8025 	 0.3704 	 -0.0000 	 -0.0000 	 0.0000
  0.8642 	 0.3704 	 -0.0000 	 -0.0000 	 0.0000
  0.9259 	 0.3704 	 -0.0000 	 -0.0000 	 0.0000
  0.0617 	 0.4074 	 0.0000 	 -0.0000 	 0.0000
  0.1235 	 0.4074 	 0.0000 	 -0.0000 	 0.0000
  0.1852 	 0.4074 	 0.0000 	 -0.0000 	 0.0000
  0.2469 	 0.4074 	 0.0000 	 -0.0000 	 0.0000
  0.3086 	 0.4074 	 0.0000 	 -0.0000 	 0.0000
  0.3704 	 0.4074 	 0.0000 	 -0.0000 	 0.0000
  0.4321 	 0.4074 	 0.0000 	 -0.0000 	 0.0000
  0.4938 	 0.4074 	 0.0000 	 -0.0000 	 0.0000
  0.5556 	 0.4074 	 -0.0000 	 -0.0000 	 0.0000
  0.6173 	 0.4074 	 -0.0000 	 -0.0000 	 0.0000
  0.6790 	 0.4074 	 -0.0000 	 -0.0000 	 0.0000
  0.7407 	 0.4074 	 -0.0000 	 -0.0000 	 0.0000
  0.8025 	 0.4074 	 -0.0000 	 -0.0000 	 0.0000
  0.8642 	 0.4074 	 -0.0000 	 -0.0000 	 0.0000
  0.9259 	 0.4074 	 -0.0000 	 -0.0000 	 0.0000
  0.0617 	 0.4444 	 0.0000 	 0.0000 	 0.0000
  0.1235 	 0.4444 	 0.0000 	 0.0000 	 0.0000
  0.1852 	 0.4444 	 0.0000 	 0.0000 	 0.0000
  0.2469 	 0.4444 	 0.0000 	 0.0000 	 0.0000
  0.3086 	 0.4444 	 0.0000 	 0.0000 	 0.0000
  0.3704 	 0.4444 	 0.0000 	 0.0000 	 0.0000
  0.4321 	 0.4444 	 0.0000 	 0.0000 	 0.0000
  0.4938 	 0.4444 	 0.0000 	 0.0000 	 0.0000
  0.5556 	 0.4444 	 -0.0000 	 0.0000 	 0.0000
  0.6173 	 0.4444 	 -0.0000 	 0.0000 	 0.0000
  0.6790 	 0.4444 	 -0.0000 	 0.0000 	 0.0000
  0.7407 	 0.4444 	 -0.0000 	 0.0000 	 0.0000
  0.8025 	 0.4444 	 -0.0000 	 0.0000 	 0.0000
  0.8642 	 0.4444 	 -0.0000 	 0.0000 	 0.0000
  0.9259 	 0.4444 	 -0.0000 	 0.0000 	 0.0000
  0.0617 	 0.4815 	 -0.0000 	 0.0000 	 0.0000
  0.1235 	 0.4815 	 -0.0000 	 0.0000 	 0.0000
  0.1852 	 0.4815 	 -0.0000 	 0.0000 	 0.0000
  0.2469 	 0.4815 	 -0.0000 	 0.0000 	 0.0000
  0.3086 	 0.4815 	 -0.0000 	 0.0000 	 0.0000
  0.3704 	 0.4815 	 -0.0000 	 0.0000 	 0.0000
  0.4321 	 0.4815 	 -0.0000 	 0.0000 	 0.0000
  0.4938 	 0.4815 	 -0.0000 	 0.0000 	 0.0000
  0.5556 	 0.4815 	 0.0000 	 0.0000 	 0.0000
  0.6173 	 0.4815 	 0.0000 	 0.0000 	 0.0000
  0.6790 	 0.4815 	 0.0000 	 0.0000 	 0.0000
  0.7407 	 0.4815 	 0.0000 	 0.0000 	 0.0000
  0.8025 	 0.4815 	 0.0000 	 0.0000 	 0.0000
  0.8642 	 0.4815 	 0.0000 	 0.0000 	 0.0000
  0.9259 	 0.4815 	 0.0000 	 0.0000 	 0.0000
  0.0617 	 0.5185 	 -0.0000 	 -0.0000 	 0.0000
  0.1235 	 0.5185 	 -0.0000 	 -0.0000 	 0.0000
  0.1852 	 0.5185 	 -0.0000 	 -0.0000 	 0.0000
  0.2469 	 0.5185 	 -0.0000 	 -0.0000 	 0.0000
  0.3086 	 0.5185 	 -0.0000 	 -0.0000 	 0.0000
  0.3704 	 0.5185 	 -0.0000 	 -0.0000 	 0.0000
  0.4321 	 0.5185 	 -0.0000 	 -0.0000 	 0.0000
  0.4938 	 0.5185 	 -0.0000 	 -0.0000 	 0.0000
  0.5556 	 0.5185 	 0.0000 	 -0.0000 	 0.0000
  0.6173 	 0.5185 	 0.0000 	 -0.0000 	 0.0000
  0.6790 	 0.5185 	 0.0000 	 -0.0000 	 0.0000
  0.7407 	 0.5185 	 0.0000 	 -0.0000 	 0.0000
  0.8025 	 0.5185 	 0.0000 	 -0.0000 	 0.0000
  0.8642 	 0.5185 	 0.0000 	 -0.0000 	 0.0000
  0.9259 	 0.5185 	 0.0000 	 -0.0000 	 0.0000
  0.0617 	 0.5556 	 0.0000 	 0.0000 	 0.0000
  0.1235 	 0.5556 	 -0.0000 	 0.0000 	 0.0000
  0.1852 	 0.5556 	 -0.0000 	 0.0000 	 0.0000
  0.2469 	 0.5556 	 -0.0000 	 0.0000 	 0.0000
  0.3086 	 0.5556 	 -0.0000 	 0.0000 	 0.0000
  0.3704 	 0.5556 	 -0.0000 	 0.0000 	 0.0000
  0.4321 	 0.5556 	 -0.0000 	 0.0000 	 0.0000
  0.4938 	 0.5556 	 -0.0000 	 0.0000 	 0.0000
  0.5556 	 0.5556 	 0.0000 	 0.0000 	 0.0000
  0.6173 	 0.5556 	 0.0000 	 0.0000 	 0.0000
  0.6790 	 0.5556 	 0.0000 	 0.0000 	 0.0000
  0.7407 	 0.5556 	 0.0000 	 0.0000 	 0.0000
  0.8025 	 0.5556 	 0.0000 	 0.0000 	 0.0000
  0.8642 	 0.5556 	 0.0000 	 0.0000 	 0.0000
  0.9259 	 0.5556 	 0.0000 	 0.0000 	 0.0000
  0.0617 	 0.5926 	 -0.0000 	 -0.0000 	 0.0000
  0.1235 	 0.5926 	 -0.0000 	 -0.0000 	 0.0000
  0.1852 	 0.5926 	 -0.0000 	 -0.0000 	 0.0000
  0.2469 	 0.5926 	 -0.0000 	 -0.0000 	 0.0000
  0.3086 	 0.5926 	 -0.0000 	 -0.0000 	 0.0000
  0.3704 	 0.5926 	 -0.0000 	 -0.0000 	 0.0000
  0.4321 	 0.5926 	 -0.0000 	 -0.0000 	 0.0000
  0.4938 	 0.5926 	 -0.0000 	 -0.0000 	 0.0000
  0.5556 	 0.5926 	 0.0000 	 -0.0000 	 0.0000
  0.6173 	 0.5926 	 0.0000 	 -0.0000 	 0.0000
  0.6790 	 0.5926 	 0.0000 	 -0.0000 	 0.0000
  0.7407 	 0.5926 	 0.0000 	 -0.0000 	 0.0000
  0.8025 	 0.5926 	 0.0000 	 -0.0000 	 0.0000
  0.8642 	 0.5926 	 0.0000 	 -0.0000 	 0.0000
  0.9259 	 0.5926 	 0.0000 	 -0.0000 	 0.0000
  0.0617 	 0.6296 	 0.0000 	 0.0000 	 0.0000
  0.1235 	 0.6296 	 -0.0000 	 0.0000 	 0.0000
  0.1852 	 0.6296 	 -0.0000 	 0.0000 	 0.0000
  0.2469 	 0.6296 	 -0.0000 	 0.0000 	 0.0000
  0.3086 	 0.6296 	 -0.0000 	 0.0000 	 0.0000
  0.3704 	 0.6296 	 -0.0000 	 0.0000 	 0.0000
  0.4321 	 0.6296 	 -0.0000 	 0.0000 	 0.0000
  0.4938 	 0.6296 	 -0.0000 	 0.0000 	 0.0000
  0.5556 	 0.6296 	 0.0000 	 0.0000 	 0.0000
  0.6173 	 0.6296 	 0.0000 	 0.0000 	 0.0000
  0.6790 	 0.6296 	 0.0000 	 0.0000 	 0.0000
  0.7407 	 0.6296 	 0.0000 	 0.0000 	 0.0000
  0.8025 	 0.6296 	 0.0000 	 0.0000 	 0.0000
  0.8642 	 0.6296 	 0.0000 	 0.0000 	 0.0000
  0.9259 	 0.6296 	 0.0000 	 0.0000 	 0.0000
  0.0617 	 0.6667 	 -0.0000 	 -0.0000 	 0.0000
  0.1235 	 0.6667 	 -0.0000 	 -0.0000 	 0.0000
  0.1852 	 0.6667 	 -0.0000 	 -0.0000 	 0.0000
  0.2469 	 0.6667 	 -0.0000 	 -0.0000 	 0.0000
  0.3086 	 0.6667 	 -0.0000 	 0.0000 	 0.0000
  0.3704 	 0.6667 	 -0.0000 	 0.0000 	 0.0000
  0.4321 	 0.6667 	 -0.0000 	 0.0000 	 0.0000
  0.4938 	 0.6667 	 -0.0000 	 0.0000 	 0.0000
  0.5556 	 0.6667 	 0.0000 	 0.0000 	 0.0000
  0.6173 	 0.6667 	 0.0000 	 0.0000 	 0.0000
  0.6790 	 0.6667 	 0.0000 	 0.0000 	 0.0000
  0.7407 	 0.6667 	 0.0000 	 -0.0000 	 0.0000
  0.8025 	 0.6667 	 0.0000 	 -0.0000 	 0.0000
  0.8642 	 0.6667 	 0.0000 	 -0.0000 	 0.0000
  0.9259 	 0.6667 	 0.0000 	 -0.0000 	 0.0000
  0.0617 	 0.7037 	 -0.0000 	 -0.0000 	 0.0000
  0.1235 	 0.7037 	 -0.0000 	 -0.0000 	 0.0000
  0.1852 	 0.7037 	 -0.0000 	 -0.0000 	 0.0000
  0.2469 	 0.7037 	 -0.0000 	 -0.0000 	 0.0000
  0.3086 	 0.7037 	 -0.0000 	 -0.0000 	 0.0000
  0.3704 	 0.7037 	 -0.0000 	 -0.0000 	 0.0000
  0.4321 	 0.7037 	 -0.0000 	 -0.0000 	 0.0000
  0.4938 	 0.7037 	 -0.0000 	 -0.0000 	 0.0000
  0.5556 	 0.7037 	 0.0000 	 -0.0000 	 0.0000
  0.6173 	 0.7037 	 0.0000 	 -0.0000 	 0.0000
  0.6790 	 0.7037 	 0.0000 	 -0.0000 	 0.0000
  0.7407 	 0.7037 	 0.0000 	 -0.0000 	 0.0000
  0.8025 	 0.7037 	 0.0000 	 -0.0000 	 0.0000
  0.8642 	 0.7037 	 0.0000 	 -0.0000 	 0.0000
  0.9259 	 0.7037 	 0.0000 	 -0.0000 	 0.0000
  0.0617 	 0.7407 	 -0.0000 	 0.0000 	 0.0000
  0.1235 	 0.7407 	 -0.0000 	 0.0000 	 0.0000
  0.1852 	 0.7407 	 -0.0000 	 0.0000 	 0.0000
  0.2469 	 0.7407 	 -0.0000 	 0.0000 	 0.0000
  0.3086 	 0.7407 	 -0.0000 	 0.0000 	 0.0000
  0.3704 	 0.7407 	 -0.0000 	 0.0000 	 0.0000
  0.4321 	 0.7407 	 -0.0000 	 0.0000 	 0.0000
  0.4938 	 0.7407 	 -0.0000 	 0.0000 	 0.0000
  0.5556 	 0.7407 	 0.0000 	 0.0000 	 0.0000
  0.6173 	 0.7407 	 0.0000 	 0.0000 	 0.0000
  0.6790 	 0.7407 	 0.0000 	 0.0000 	 0.0000
  0.7407 	 0.7407 	 0.0000 	 0.0000 	 0.0000
  0.8025 	 0.7407 	 0.0000 	 0.0000 	 0.0000
  0.8642 	 0.7407 	 0.0000 	 0.0000 	 0.0000
  0.9259 	 0.7407 	 0.0000 	 0.0000 	 0.0000
  0.0617 	 0.7778 	 -0.0000 	 -0.0000 	 0.0000
  0.1235 	 0.7778 	 -0.0000 	 -0.0000 	 0.0000
  0.1852 	 0.7778 	 -0.0000 	 -0.0000 	 0.0000
  0.2469 	 0.7778 	 -0.0000 	 -0.0000 	 0.0000
  0.3086 	 0.7778 	 -0.0000 	 -0.0000 	 0.0000
  0.3704 	 0.7778 	 -0.0000 	 -0.0000 	 0.0000
  0.4321 	 0.7778 	 -0.0000 	 -0.0000 	 0.0000
  0.4938 	 0.7778 	 -0.0000 	 -0.0000 	 0.0000
  0.5556 	 0.7778 	 0.0000 	 -0.0000 	 0.0000
  0.6173 	 0.7778 	 0.0000 	 -0.0000 	 0.0000
  0.6790 	 0.7778 	 0.0000 	 -0.0000 	 0.0000
  0.7407 	 0.7778 	 0.0000 	 -0.0000 	 0.0000
  0.8025 	 0.7778 	 0.0000 	 -0.0000 	 0.0000
  0.8642 	 0.7778 	 0.0000 	 -0.0000 	 0.0000
  0.9259 	 0.7778 	 0.0000 	 -0.0000 	 0.0000
  0.0617 	 0.8148 	 -0.0000 	 0.0000 	 0.0000
  0.1235 	 0.8148 	 -0.0000 	 0.0000 	 0.0000
  0.1852 	 0.8148 	 -0.0000 	 0.0000 	 0.0000
  0.2469 	 0.8148 	 -0.0000 	 0.0000 	 0.0000
  0.3086 	 0.8148 	 -0.0000 	 0.0000 	 0.0000
  0.3704 	 0.8148 	 -0.0000 	 0.0000 	 0.0000
  0.4321 	 0.8148 	 -0.0000 	 0.0000 	 0.0000
  0.4938 	 0.8148 	 -0.0000 	 0.0000 	 0.0000
  0.5556 	 0.8148 	 0.0000 	 0.0000 	 0.0000
  0.6173 	 0.8148 	 0.0000 	 0.0000 	 0.0000
  0.6790 	 0.8148 	 0.0000 	 0.0000 	 0.0000
  0.7407 	 0.8148 	 0.0000 	 0.0000 	 0.0000
  0.8025 	 0.8148 	 0.0000 	 0.0000 	 0.0000
  0.8642 	 0.8148 	 0.0000 	 0.0000 	 0.0000
  0.9259 	 0.8148 	 0.0000 	 0.0000 	 0.0000
  0.0617 	 0.8519 	 -0.0000 	 -0.0000 	 0.0000
  0.1235 	 0.8519 	 -0.0000 	 -0.0000 	 0.0000
  0.1852 	 0.8519 	 -0.0000 	 -0.0000 	 0.0000
  0.2469 	 0.8519 	 -0.0000 	 -0.0000 	 0.0000
  0.3086 	 0.8519 	 -0.0000 	 -0.0000 	 0.0000
  0.3704 	 0.8519 	 -0.0000 	 -0.0000 	 0.0000
  0.4321 	 0.8519 	 -0.0000 	 -0.0000 	 0.0000
  0.4938 	 0.8519 	 -0.0000 	 -0.0000 	 0.0000
  0.5556 	 0.8519 	 0.0000 	 -0.0000 	 0.0000
  0.6173 	 0.8519 	 0.0000 	 -0.0000 	 0.0000
  0.6790 	 0.8519 	 0.0000 	 -0.0000 	 0.0000
  0.7407 	 0.8519 	 0.0000 	 -0.0000 	 0.0000
  0.8025 	 0.8519 	 0.0000 	 -0.0000 	 0.0000
  0.8642 	 0.8519 	 0.0000 	 -0.0000 	 0.0000
  0.9259 	 0.8519 	 0.0000 	 -0.0000 	 0.0000
  0.0617 	 0.8889 	 -0.0000 	 -0.0000 	 0.0000
  0.1235 	 0.8889 	 -0.0000 	 -0.0000 	 0.0000
  0.1852 	 0.8889 	 -0.0000 	 -0.0000 	 0.0000
  0.2469 	 0.8889 	 -0.0000 	 -0.0000 	 0.0000
  0.3086 	 0.8889 	 -0.0000 	 -0.0000 	 0.0000
  0.3704 	 0.8889 	 -0.0000 	 -0.0000 	 0.0000
  0.4321 	 0.8889 	 -0.0000 	 0.0000 	 0.0000
  0.4938 	 0.8889 	 -0.0000 	 0.0000 	 0.0000
  0.5556 	 0.8889 	 0.0000 	 0.0000 	 0.0000
  0.6173 	 0.8889 	 0.0000 	 -0.0000 	 0.0000
  0.6790 	 0.8889 	 0.0000 	 -0.0000 	 0.0000
  0.7407 	 0.8889 	 0.0000 	 -0.0000 	 0.0000
  0.8025 	 0.8889 	 0.0000 	 -0.0000 	 0.0000
  0.8642 	 0.8889 	 0.0000 	 -0.0000 	 0.0000
  0.9259 	 0.8889 	 0.0000 	 -0.0000 	 0.0000
  0.0617 	 0.9259 	 -0.0000 	 0.0000 	 0.0000
  0.1235 	 0.9259 	 -0.0000 	 0.0000 	 0.0000
  0.1852 	 0.9259 	 -0.0000 	 0.0000 	 0.0000
  0.2469 	 0.9259 	 -0.0000 	 0.0000 	 0.0000
  0.3086 	 0.9259 	 -0.0000 	 0.0000 	 0.0000
  0.3704 	 0.9259 	 -0.0000 	 0.0000 	 0.0000
  0.4321 	 0.9259 	 -0.0000 	 0.0000 	 0.0000
  0.4938 	 0.9259 	 -0.0000 	 0.0000 	 0.0000
  0.5556 	 0.9259 	 0.0000 	 0.0000 	 0.0000
  0.6173 	 0.9259 	 0.0000 	 0.0000 	 0.0000
  0.6790 	 0.9259 	 0.0000 	 0.0000 	 0.0000
  0.7407 	 0.9259 	 0.0000 	 0.0000 	 0.0000
  0.8025 	 0.9259 	 0.0000 	 0.0000 	 0.0000
  0.8642 	 0.9259 	 0.0000 	 0.0000 	 0.0000
  0.9259 	 0.9259 	 0.0000 	 0.0000 	 0.0000
  0.0617 	 0.9630 	 -0.0000 	 -0.0000 	 0.0000
  0.1235 	 0.9630 	 -0.0000 	 -0.0000 	 0.0000
  0.1852 	 0.9630 	 -0.0000 	 -0.0000 	 0.0000
  0.2469 	 0.9630 	 -0.0000 	 -0.0000 	 0.0000
  0.3086 	 0.9630 	 -0.0000 	 -0.0000 	 0.0000
  0.3704 	 0.9630 	 -0.0000 	 -0.0000 	 0.0000
  0.4321 	 0.9630 	 -0.0000 	 -0.0000 	 0.0000
  0.4938 	 0.9630 	 -0.0000 	 -0.0000 	 0.0000
  0.5556 	 0.9630 	 0.0000 	 -0.0000 	 0.0000
  0.6173 	 0.9630 	 0.0000 	 -0.0000 	 0.0000
  0.6790 	 0.9630 	 0.0000 	 -0.0000 	 0.0000
  0.7407 	 0.9630 	 0.0000 	 -0.0000 	 0.0000
  0.8025 	 0.9630 	 0.0000 	 -0.0000 	 0.0000
  0.8642 	 0.9630 	 0.0000 	 -0.0000 	 0.0000
  0.9259 	 0.9630 	 0.0000 	 -0.0000 	 0.0000
 