 x 	 y 	 u 	 v 	 m 
  0.0617 	 0.0370 	 0.0106 	 0.0036 	 111.9649
  0.1235 	 0.0370 	 0.0020 	 -0.0014 	 24.5970
  0.1852 	 0.0370 	 0.0028 	 0.0000 	 28.2027
  0.2469 	 0.0370 	 0.0030 	 0.0001 	 30.3751
  0.3086 	 0.0370 	 0.0027 	 0.0003 	 27.1502
  0.3704 	 0.0370 	 0.0020 	 0.0004 	 19.9484
  0.4321 	 0.0370 	 0.0010 	 0.0004 	 10.7445
  0.4938 	 0.0370 	 -0.0001 	 0.0004 	 4.4819
  0.5556 	 0.0370 	 -0.0012 	 0.0004 	 12.5531
  0.6173 	 0.0370 	 -0.0022 	 0.0004 	 22.5888
  0.6790 	 0.0370 	 -0.0031 	 0.0004 	 31.3338
  0.7407 	 0.0370 	 -0.0037 	 0.0002 	 36.9990
  0.8025 	 0.0370 	 -0.0038 	 0.0000 	 37.6752
  0.8642 	 0.0370 	 -0.0032 	 -0.0000 	 31.9260
  0.9259 	 0.0370 	 -0.0030 	 -0.0015 	 33.5104
  0.0617 	 0.0741 	 0.0002 	 0.0038 	 38.2535
  0.1235 	 0.0741 	 0.0023 	 -0.0017 	 28.6397
  0.1852 	 0.0741 	 0.0037 	 -0.0005 	 37.1375
  0.2469 	 0.0741 	 0.0040 	 0.0001 	 39.9773
  0.3086 	 0.0741 	 0.0036 	 0.0007 	 36.3983
  0.3704 	 0.0741 	 0.0026 	 0.0010 	 28.1982
  0.4321 	 0.0741 	 0.0014 	 0.0012 	 18.5182
  0.4938 	 0.0741 	 0.0000 	 0.0013 	 13.3881
  0.5556 	 0.0741 	 -0.0014 	 0.0013 	 19.2272
  0.6173 	 0.0741 	 -0.0027 	 0.0012 	 30.0202
  0.6790 	 0.0741 	 -0.0039 	 0.0010 	 40.2138
  0.7407 	 0.0741 	 -0.0046 	 0.0006 	 46.5913
  0.8025 	 0.0741 	 -0.0047 	 -0.0000 	 46.9797
  0.8642 	 0.0741 	 -0.0040 	 -0.0007 	 40.1513
  0.9259 	 0.0741 	 -0.0023 	 -0.0019 	 29.5738
  0.0617 	 0.1111 	 0.0014 	 -0.0015 	 20.5161
  0.1235 	 0.1111 	 0.0036 	 -0.0025 	 43.4073
  0.1852 	 0.1111 	 0.0050 	 -0.0010 	 50.6424
  0.2469 	 0.1111 	 0.0054 	 0.0002 	 54.4549
  0.3086 	 0.1111 	 0.0050 	 0.0012 	 51.4185
  0.3704 	 0.1111 	 0.0038 	 0.0019 	 42.5937
  0.4321 	 0.1111 	 0.0021 	 0.0023 	 31.3125
  0.4938 	 0.1111 	 0.0002 	 0.0025 	 24.8587
  0.5556 	 0.1111 	 -0.0019 	 0.0025 	 30.9640
  0.6173 	 0.1111 	 -0.0037 	 0.0023 	 43.6543
  0.6790 	 0.1111 	 -0.0052 	 0.0018 	 55.0908
  0.7407 	 0.1111 	 -0.0060 	 0.0010 	 61.2871
  0.8025 	 0.1111 	 -0.0060 	 -0.0001 	 60.4318
  0.8642 	 0.1111 	 -0.0051 	 -0.0013 	 52.5561
  0.9259 	 0.1111 	 -0.0034 	 -0.0027 	 43.7276
  0.0617 	 0.1481 	 0.0023 	 -0.0038 	 44.3578
  0.1235 	 0.1481 	 0.0048 	 -0.0036 	 59.5030
  0.1852 	 0.1481 	 0.0066 	 -0.0018 	 68.8540
  0.2469 	 0.1481 	 0.0074 	 0.0001 	 74.2382
  0.3086 	 0.1481 	 0.0069 	 0.0018 	 71.7062
  0.3704 	 0.1481 	 0.0054 	 0.0030 	 61.6365
  0.4321 	 0.1481 	 0.0031 	 0.0037 	 48.0883
  0.4938 	 0.1481 	 0.0003 	 0.0040 	 40.1837
  0.5556 	 0.1481 	 -0.0025 	 0.0040 	 46.8305
  0.6173 	 0.1481 	 -0.0050 	 0.0036 	 61.7851
  0.6790 	 0.1481 	 -0.0070 	 0.0028 	 75.0481
  0.7407 	 0.1481 	 -0.0080 	 0.0014 	 81.2004
  0.8025 	 0.1481 	 -0.0078 	 -0.0004 	 78.5346
  0.8642 	 0.1481 	 -0.0065 	 -0.0022 	 68.5923
  0.9259 	 0.1481 	 -0.0043 	 -0.0038 	 57.6810
  0.0617 	 0.1852 	 0.0027 	 -0.0059 	 64.6258
  0.1235 	 0.1852 	 0.0061 	 -0.0052 	 80.3027
  0.1852 	 0.1852 	 0.0087 	 -0.0029 	 92.1843
  0.2469 	 0.1852 	 0.0100 	 -0.0001 	 99.5291
  0.3086 	 0.1852 	 0.0094 	 0.0026 	 97.0907
  0.3704 	 0.1852 	 0.0072 	 0.0045 	 85.0857
  0.4321 	 0.1852 	 0.0041 	 0.0056 	 69.5424
  0.4938 	 0.1852 	 0.0005 	 0.0061 	 61.1836
  0.5556 	 0.1852 	 -0.0031 	 0.0060 	 67.9322
  0.6173 	 0.1852 	 -0.0065 	 0.0054 	 84.4476
  0.6790 	 0.1852 	 -0.0091 	 0.0041 	 99.8958
  0.7407 	 0.1852 	 -0.0105 	 0.0019 	 106.3624
  0.8025 	 0.1852 	 -0.0101 	 -0.0008 	 101.3908
  0.8642 	 0.1852 	 -0.0081 	 -0.0035 	 88.5406
  0.9259 	 0.1852 	 -0.0052 	 -0.0055 	 75.4614
  0.0617 	 0.2222 	 0.0032 	 -0.0083 	 89.2524
  0.1235 	 0.2222 	 0.0075 	 -0.0075 	 106.4212
  0.1852 	 0.2222 	 0.0114 	 -0.0046 	 122.8022
  0.2469 	 0.2222 	 0.0136 	 -0.0006 	 135.7469
  0.3086 	 0.2222 	 0.0132 	 0.0035 	 136.4002
  0.3704 	 0.2222 	 0.0104 	 0.0065 	 122.5289
  0.4321 	 0.2222 	 0.0060 	 0.0083 	 101.9570
  0.4938 	 0.2222 	 0.0009 	 0.0090 	 90.1878
  0.5556 	 0.2222 	 -0.0043 	 0.0089 	 98.6585
  0.6173 	 0.2222 	 -0.0091 	 0.0079 	 120.3994
  0.6790 	 0.2222 	 -0.0127 	 0.0057 	 139.2522
  0.7407 	 0.2222 	 -0.0142 	 0.0023 	 143.5057
  0.8025 	 0.2222 	 -0.0131 	 -0.0018 	 131.9631
  0.8642 	 0.2222 	 -0.0100 	 -0.0053 	 113.1792
  0.9259 	 0.2222 	 -0.0060 	 -0.0076 	 97.2932
  0.0617 	 0.2593 	 0.0034 	 -0.0112 	 116.7569
  0.1235 	 0.2593 	 0.0087 	 -0.0105 	 136.3356
  0.1852 	 0.2593 	 0.0142 	 -0.0074 	 160.1793
  0.2469 	 0.2593 	 0.0184 	 -0.0020 	 185.3568
  0.3086 	 0.2593 	 0.0193 	 0.0042 	 197.4936
  0.3704 	 0.2593 	 0.0161 	 0.0092 	 185.2162
  0.4321 	 0.2593 	 0.0096 	 0.0122 	 155.2084
  0.4938 	 0.2593 	 0.0016 	 0.0133 	 134.3864
  0.5556 	 0.2593 	 -0.0068 	 0.0132 	 147.9231
  0.6173 	 0.2593 	 -0.0141 	 0.0114 	 181.2049
  0.6790 	 0.2593 	 -0.0188 	 0.0077 	 202.7421
  0.7407 	 0.2593 	 -0.0195 	 0.0022 	 196.4853
  0.8025 	 0.2593 	 -0.0166 	 -0.0037 	 169.7306
  0.8642 	 0.2593 	 -0.0116 	 -0.0081 	 141.3706
  0.9259 	 0.2593 	 -0.0064 	 -0.0104 	 121.8825
  0.0617 	 0.2963 	 0.0032 	 -0.0138 	 141.0982
  0.1235 	 0.2963 	 0.0087 	 -0.0143 	 167.3816
  0.1852 	 0.2963 	 0.0163 	 -0.0115 	 199.5131
  0.2469 	 0.2963 	 0.0238 	 -0.0053 	 244.0438
  0.3086 	 0.2963 	 0.0280 	 0.0038 	 283.0482
  0.3704 	 0.2963 	 0.0252 	 0.0126 	 281.5284
  0.4321 	 0.2963 	 0.0156 	 0.0182 	 239.3163
  0.4938 	 0.2963 	 0.0026 	 0.0203 	 204.6144
  0.5556 	 0.2963 	 -0.0108 	 0.0199 	 226.3574
  0.6173 	 0.2963 	 -0.0222 	 0.0166 	 276.9675
  0.6790 	 0.2963 	 -0.0280 	 0.0097 	 296.3164
  0.7407 	 0.2963 	 -0.0263 	 0.0004 	 262.8034
  0.8025 	 0.2963 	 -0.0195 	 -0.0074 	 208.4729
  0.8642 	 0.2963 	 -0.0121 	 -0.0119 	 169.9386
  0.9259 	 0.2963 	 -0.0059 	 -0.0135 	 147.4555
  0.0617 	 0.3333 	 0.0007 	 -0.0158 	 158.1648
  0.1235 	 0.3333 	 0.0077 	 -0.0185 	 200.8234
  0.1852 	 0.3333 	 0.0149 	 -0.0166 	 222.4826
  0.2469 	 0.3333 	 0.0259 	 -0.0117 	 284.5916
  0.3086 	 0.3333 	 0.0374 	 0.0002 	 374.2970
  0.3704 	 0.3333 	 0.0383 	 0.0161 	 415.7456
  0.4321 	 0.3333 	 0.0251 	 0.0275 	 371.9233
  0.4938 	 0.3333 	 0.0044 	 0.0317 	 319.9875
  0.5556 	 0.3333 	 -0.0174 	 0.0308 	 353.9182
  0.6173 	 0.3333 	 -0.0346 	 0.0241 	 421.5563
  0.6790 	 0.3333 	 -0.0397 	 0.0101 	 409.9850
  0.7407 	 0.3333 	 -0.0311 	 -0.0051 	 315.3843
  0.8025 	 0.3333 	 -0.0183 	 -0.0136 	 228.4546
  0.8642 	 0.3333 	 -0.0101 	 -0.0159 	 188.3149
  0.9259 	 0.3333 	 -0.0049 	 -0.0169 	 175.7327
  0.0617 	 0.3704 	 0.0045 	 -0.0235 	 238.8996
  0.1235 	 0.3704 	 0.0077 	 -0.0192 	 207.2814
  0.1852 	 0.3704 	 0.0052 	 -0.0190 	 196.8417
  0.2469 	 0.3704 	 0.0138 	 -0.0201 	 243.1970
  0.3086 	 0.3704 	 0.0310 	 -0.0091 	 322.8493
  0.3704 	 0.3704 	 0.0425 	 0.0159 	 454.1848
  0.4321 	 0.3704 	 0.0327 	 0.0391 	 509.8944
  0.4938 	 0.3704 	 0.0061 	 0.0485 	 488.8390
  0.5556 	 0.3704 	 -0.0234 	 0.0465 	 520.1881
  0.6173 	 0.3704 	 -0.0416 	 0.0316 	 522.5126
  0.6790 	 0.3704 	 -0.0377 	 0.0052 	 380.7731
  0.7407 	 0.3704 	 -0.0203 	 -0.0153 	 253.9457
  0.8025 	 0.3704 	 -0.0067 	 -0.0203 	 214.0354
  0.8642 	 0.3704 	 -0.0034 	 -0.0169 	 172.3858
  0.9259 	 0.3704 	 -0.0080 	 -0.0170 	 188.0505
  0.0617 	 0.4074 	 0.0223 	 -0.0292 	 367.3580
  0.1235 	 0.4074 	 0.0031 	 -0.0082 	 87.6410
  0.1852 	 0.4074 	 -0.0079 	 -0.0169 	 186.6327
  0.2469 	 0.4074 	 -0.0094 	 -0.0232 	 250.7273
  0.3086 	 0.4074 	 -0.0035 	 -0.0179 	 182.6918
  0.3704 	 0.4074 	 0.0118 	 0.0080 	 142.5903
  0.4321 	 0.4074 	 0.0184 	 0.0446 	 482.7078
  0.4938 	 0.4074 	 0.0040 	 0.0636 	 636.8402
  0.5556 	 0.4074 	 -0.0149 	 0.0591 	 609.7535
  0.6173 	 0.4074 	 -0.0173 	 0.0311 	 356.1967
  0.6790 	 0.4074 	 -0.0023 	 -0.0046 	 51.7449
  0.7407 	 0.4074 	 0.0080 	 -0.0220 	 234.0420
  0.8025 	 0.4074 	 0.0088 	 -0.0218 	 235.3406
  0.8642 	 0.4074 	 0.0056 	 -0.0143 	 153.1775
  0.9259 	 0.4074 	 -0.0091 	 -0.0061 	 109.0470
  0.0617 	 0.4444 	 -0.0064 	 -0.0307 	 313.1775
  0.1235 	 0.4444 	 -0.0078 	 0.0000 	 78.3203
  0.1852 	 0.4444 	 -0.0092 	 -0.0144 	 171.4446
  0.2469 	 0.4444 	 -0.0175 	 -0.0189 	 258.1990
  0.3086 	 0.4444 	 -0.0268 	 -0.0165 	 314.6087
  0.3704 	 0.4444 	 -0.0270 	 0.0008 	 269.9233
  0.4321 	 0.4444 	 -0.0117 	 0.0385 	 402.3086
  0.4938 	 0.4444 	 -0.0014 	 0.0648 	 647.7753
  0.5556 	 0.4444 	 0.0062 	 0.0581 	 584.5274
  0.6173 	 0.4444 	 0.0210 	 0.0225 	 307.8051
  0.6790 	 0.4444 	 0.0285 	 -0.0079 	 296.1734
  0.7407 	 0.4444 	 0.0215 	 -0.0186 	 284.2666
  0.8025 	 0.4444 	 0.0118 	 -0.0177 	 212.6775
  0.8642 	 0.4444 	 0.0061 	 -0.0124 	 138.0837
  0.9259 	 0.4444 	 0.0052 	 0.0030 	 60.5561
  0.0617 	 0.4815 	 -0.0129 	 -0.0211 	 247.3442
  0.1235 	 0.4815 	 -0.0094 	 -0.0087 	 128.4426
  0.1852 	 0.4815 	 -0.0090 	 -0.0117 	 147.7573
  0.2469 	 0.4815 	 -0.0156 	 -0.0133 	 205.0276
  0.3086 	 0.4815 	 -0.0250 	 -0.0095 	 267.7708
  0.3704 	 0.4815 	 -0.0333 	 0.0034 	 334.9653
  0.4321 	 0.4815 	 -0.0297 	 0.0280 	 408.4306
  0.4938 	 0.4815 	 -0.0065 	 0.0510 	 513.9586
  0.5556 	 0.4815 	 0.0222 	 0.0443 	 495.2914
  0.6173 	 0.4815 	 0.0342 	 0.0173 	 383.4034
  0.6790 	 0.4815 	 0.0287 	 -0.0029 	 287.9785
  0.7407 	 0.4815 	 0.0191 	 -0.0117 	 223.5981
  0.8025 	 0.4815 	 0.0109 	 -0.0130 	 169.5517
  0.8642 	 0.4815 	 0.0065 	 -0.0104 	 122.6447
  0.9259 	 0.4815 	 0.0104 	 -0.0071 	 125.8761
  0.0617 	 0.5185 	 -0.0069 	 -0.0159 	 173.3957
  0.1235 	 0.5185 	 -0.0082 	 -0.0101 	 129.7822
  0.1852 	 0.5185 	 -0.0096 	 -0.0098 	 137.0588
  0.2469 	 0.5185 	 -0.0144 	 -0.0093 	 171.7734
  0.3086 	 0.5185 	 -0.0209 	 -0.0050 	 214.5733
  0.3704 	 0.5185 	 -0.0254 	 0.0056 	 260.3128
  0.4321 	 0.5185 	 -0.0218 	 0.0224 	 313.0947
  0.4938 	 0.5185 	 -0.0047 	 0.0362 	 364.9980
  0.5556 	 0.5185 	 0.0162 	 0.0323 	 361.2814
  0.6173 	 0.5185 	 0.0252 	 0.0155 	 295.8700
  0.6790 	 0.5185 	 0.0230 	 0.0007 	 230.3764
  0.7407 	 0.5185 	 0.0168 	 -0.0072 	 182.5764
  0.8025 	 0.5185 	 0.0109 	 -0.0096 	 144.9180
  0.8642 	 0.5185 	 0.0075 	 -0.0091 	 117.8445
  0.9259 	 0.5185 	 0.0077 	 -0.0091 	 118.7056
  0.0617 	 0.5556 	 -0.0042 	 -0.0125 	 131.4242
  0.1235 	 0.5556 	 -0.0068 	 -0.0094 	 116.2104
  0.1852 	 0.5556 	 -0.0089 	 -0.0082 	 121.0118
  0.2469 	 0.5556 	 -0.0125 	 -0.0066 	 141.6564
  0.3086 	 0.5556 	 -0.0167 	 -0.0023 	 168.3030
  0.3704 	 0.5556 	 -0.0188 	 0.0063 	 198.3048
  0.4321 	 0.5556 	 -0.0150 	 0.0178 	 233.2226
  0.4938 	 0.5556 	 -0.0031 	 0.0263 	 264.3664
  0.5556 	 0.5556 	 0.0108 	 0.0240 	 262.9582
  0.6173 	 0.5556 	 0.0181 	 0.0133 	 224.0874
  0.6790 	 0.5556 	 0.0178 	 0.0025 	 180.0595
  0.7407 	 0.5556 	 0.0141 	 -0.0042 	 147.0693
  0.8025 	 0.5556 	 0.0100 	 -0.0071 	 122.6534
  0.8642 	 0.5556 	 0.0072 	 -0.0079 	 106.6306
  0.9259 	 0.5556 	 0.0059 	 -0.0088 	 105.9413
  0.0617 	 0.5926 	 -0.0028 	 -0.0099 	 103.0883
  0.1235 	 0.5926 	 -0.0057 	 -0.0081 	 99.2419
  0.1852 	 0.5926 	 -0.0080 	 -0.0066 	 103.8924
  0.2469 	 0.5926 	 -0.0108 	 -0.0046 	 117.7044
  0.3086 	 0.5926 	 -0.0136 	 -0.0006 	 136.0097
  0.3704 	 0.5926 	 -0.0144 	 0.0060 	 155.9704
  0.4321 	 0.5926 	 -0.0108 	 0.0141 	 177.5033
  0.4938 	 0.5926 	 -0.0022 	 0.0194 	 195.6981
  0.5556 	 0.5926 	 0.0076 	 0.0180 	 195.7380
  0.6173 	 0.5926 	 0.0134 	 0.0110 	 173.7924
  0.6790 	 0.5926 	 0.0142 	 0.0033 	 145.3438
  0.7407 	 0.5926 	 0.0119 	 -0.0022 	 121.5437
  0.8025 	 0.5926 	 0.0090 	 -0.0052 	 103.9305
  0.8642 	 0.5926 	 0.0066 	 -0.0066 	 93.0385
  0.9259 	 0.5926 	 0.0047 	 -0.0078 	 91.0508
  0.0617 	 0.6296 	 -0.0021 	 -0.0079 	 82.0673
  0.1235 	 0.6296 	 -0.0047 	 -0.0068 	 82.7015
  0.1852 	 0.6296 	 -0.0069 	 -0.0053 	 87.2992
  0.2469 	 0.6296 	 -0.0091 	 -0.0032 	 96.7271
  0.3086 	 0.6296 	 -0.0108 	 0.0003 	 108.2630
  0.3704 	 0.6296 	 -0.0108 	 0.0055 	 120.9528
  0.4321 	 0.6296 	 -0.0077 	 0.0112 	 135.5029
  0.4938 	 0.6296 	 -0.0015 	 0.0147 	 147.7979
  0.5556 	 0.6296 	 0.0053 	 0.0138 	 147.8495
  0.6173 	 0.6296 	 0.0098 	 0.0091 	 133.8681
  0.6790 	 0.6296 	 0.0110 	 0.0034 	 115.3179
  0.7407 	 0.6296 	 0.0099 	 -0.0010 	 99.3630
  0.8025 	 0.6296 	 0.0078 	 -0.0038 	 87.2194
  0.8642 	 0.6296 	 0.0058 	 -0.0054 	 79.2428
  0.9259 	 0.6296 	 0.0039 	 -0.0066 	 76.5225
  0.0617 	 0.6667 	 -0.0017 	 -0.0063 	 65.5169
  0.1235 	 0.6667 	 -0.0039 	 -0.0055 	 67.6755
  0.1852 	 0.6667 	 -0.0059 	 -0.0042 	 71.7823
  0.2469 	 0.6667 	 -0.0075 	 -0.0022 	 78.3372
  0.3086 	 0.6667 	 -0.0086 	 0.0008 	 86.1934
  0.3704 	 0.6667 	 -0.0082 	 0.0047 	 94.9493
  0.4321 	 0.6667 	 -0.0057 	 0.0088 	 104.8444
  0.4938 	 0.6667 	 -0.0011 	 0.0112 	 112.7922
  0.5556 	 0.6667 	 0.0039 	 0.0106 	 113.1197
  0.6173 	 0.6667 	 0.0074 	 0.0074 	 104.4123
  0.6790 	 0.6667 	 0.0086 	 0.0032 	 91.9785
  0.7407 	 0.6667 	 0.0081 	 -0.0003 	 80.7226
  0.8025 	 0.6667 	 0.0067 	 -0.0028 	 72.0060
  0.8642 	 0.6667 	 0.0050 	 -0.0043 	 66.0737
  0.9259 	 0.6667 	 0.0032 	 -0.0055 	 63.2415
  0.0617 	 0.7037 	 -0.0014 	 -0.0050 	 52.2448
  0.1235 	 0.7037 	 -0.0033 	 -0.0044 	 55.1888
  0.1852 	 0.7037 	 -0.0050 	 -0.0032 	 59.5749
  0.2469 	 0.7037 	 -0.0064 	 -0.0015 	 65.3071
  0.3086 	 0.7037 	 -0.0070 	 0.0010 	 71.0629
  0.3704 	 0.7037 	 -0.0065 	 0.0040 	 76.4867
  0.4321 	 0.7037 	 -0.0044 	 0.0070 	 82.3081
  0.4938 	 0.7037 	 -0.0008 	 0.0087 	 87.2321
  0.5556 	 0.7037 	 0.0030 	 0.0083 	 87.8021
  0.6173 	 0.7037 	 0.0058 	 0.0060 	 83.0495
  0.6790 	 0.7037 	 0.0070 	 0.0029 	 75.6042
  0.7407 	 0.7037 	 0.0068 	 0.0001 	 67.8541
  0.8025 	 0.7037 	 0.0057 	 -0.0020 	 60.7872
  0.8642 	 0.7037 	 0.0043 	 -0.0034 	 55.2184
  0.9259 	 0.7037 	 0.0027 	 -0.0044 	 51.9079
  0.0617 	 0.7407 	 -0.0011 	 -0.0040 	 41.3597
  0.1235 	 0.7407 	 -0.0027 	 -0.0035 	 44.2763
  0.1852 	 0.7407 	 -0.0041 	 -0.0025 	 47.9194
  0.2469 	 0.7407 	 -0.0051 	 -0.0010 	 51.7263
  0.3086 	 0.7407 	 -0.0054 	 0.0010 	 55.1010
  0.3704 	 0.7407 	 -0.0048 	 0.0033 	 58.7618
  0.4321 	 0.7407 	 -0.0032 	 0.0055 	 63.5827
  0.4938 	 0.7407 	 -0.0006 	 0.0067 	 67.7518
  0.5556 	 0.7407 	 0.0021 	 0.0064 	 67.9594
  0.6173 	 0.7407 	 0.0043 	 0.0048 	 64.0617
  0.6790 	 0.7407 	 0.0053 	 0.0025 	 58.7490
  0.7407 	 0.7407 	 0.0054 	 0.0003 	 53.8143
  0.8025 	 0.7407 	 0.0047 	 -0.0014 	 49.2285
  0.8642 	 0.7407 	 0.0036 	 -0.0027 	 45.0988
  0.9259 	 0.7407 	 0.0023 	 -0.0035 	 42.0446
  0.0617 	 0.7778 	 -0.0009 	 -0.0031 	 32.4454
  0.1235 	 0.7778 	 -0.0024 	 -0.0027 	 35.7248
  0.1852 	 0.7778 	 -0.0035 	 -0.0019 	 39.9320
  0.2469 	 0.7778 	 -0.0044 	 -0.0007 	 44.1228
  0.3086 	 0.7778 	 -0.0046 	 0.0009 	 47.2747
  0.3704 	 0.7778 	 -0.0041 	 0.0027 	 49.1837
  0.4321 	 0.7778 	 -0.0027 	 0.0043 	 50.7997
  0.4938 	 0.7778 	 -0.0005 	 0.0052 	 52.4297
  0.5556 	 0.7778 	 0.0018 	 0.0050 	 53.2186
  0.6173 	 0.7778 	 0.0036 	 0.0038 	 52.3972
  0.6790 	 0.7778 	 0.0046 	 0.0021 	 50.1827
  0.7407 	 0.7778 	 0.0046 	 0.0004 	 46.6524
  0.8025 	 0.7778 	 0.0041 	 -0.0010 	 42.2035
  0.8642 	 0.7778 	 0.0032 	 -0.0021 	 37.6105
  0.9259 	 0.7778 	 0.0020 	 -0.0028 	 33.9812
  0.0617 	 0.8148 	 -0.0008 	 -0.0024 	 25.1020
  0.1235 	 0.8148 	 -0.0020 	 -0.0021 	 28.4626
  0.1852 	 0.8148 	 -0.0029 	 -0.0014 	 32.3695
  0.2469 	 0.8148 	 -0.0035 	 -0.0004 	 35.5369
  0.3086 	 0.8148 	 -0.0036 	 0.0008 	 37.0795
  0.3704 	 0.8148 	 -0.0031 	 0.0022 	 37.7238
  0.4321 	 0.8148 	 -0.0019 	 0.0034 	 38.9411
  0.4938 	 0.8148 	 -0.0003 	 0.0040 	 40.6253
  0.5556 	 0.8148 	 0.0013 	 0.0039 	 41.0388
  0.6173 	 0.8148 	 0.0027 	 0.0030 	 40.2728
  0.6790 	 0.8148 	 0.0035 	 0.0017 	 39.1425
  0.7407 	 0.8148 	 0.0037 	 0.0004 	 37.5629
  0.8025 	 0.8148 	 0.0034 	 -0.0007 	 34.6869
  0.8642 	 0.8148 	 0.0027 	 -0.0016 	 30.8524
  0.9259 	 0.8148 	 0.0017 	 -0.0021 	 27.1651
  0.0617 	 0.8519 	 -0.0007 	 -0.0018 	 18.9794
  0.1235 	 0.8519 	 -0.0017 	 -0.0015 	 22.7094
  0.1852 	 0.8519 	 -0.0025 	 -0.0010 	 27.0771
  0.2469 	 0.8519 	 -0.0030 	 -0.0003 	 30.4782
  0.3086 	 0.8519 	 -0.0031 	 0.0007 	 32.0035
  0.3704 	 0.8519 	 -0.0027 	 0.0017 	 31.5939
  0.4321 	 0.8519 	 -0.0017 	 0.0025 	 30.5084
  0.4938 	 0.8519 	 -0.0003 	 0.0030 	 30.2794
  0.5556 	 0.8519 	 0.0012 	 0.0029 	 31.2490
  0.6173 	 0.8519 	 0.0024 	 0.0022 	 32.6846
  0.6790 	 0.8519 	 0.0031 	 0.0013 	 33.5772
  0.7407 	 0.8519 	 0.0032 	 0.0004 	 32.6810
  0.8025 	 0.8519 	 0.0030 	 -0.0005 	 29.9122
  0.8642 	 0.8519 	 0.0023 	 -0.0011 	 25.7741
  0.9259 	 0.8519 	 0.0014 	 -0.0016 	 21.5708
  0.0617 	 0.8889 	 -0.0006 	 -0.0013 	 13.9792
  0.1235 	 0.8889 	 -0.0015 	 -0.0011 	 18.4157
  0.1852 	 0.8889 	 -0.0022 	 -0.0007 	 23.2840
  0.2469 	 0.8889 	 -0.0027 	 -0.0001 	 26.9010
  0.3086 	 0.8889 	 -0.0028 	 0.0005 	 28.0034
  0.3704 	 0.8889 	 -0.0024 	 0.0012 	 26.4265
  0.4321 	 0.8889 	 -0.0015 	 0.0018 	 23.5201
  0.4938 	 0.8889 	 -0.0003 	 0.0022 	 21.9565
  0.5556 	 0.8889 	 0.0010 	 0.0021 	 23.3259
  0.6173 	 0.8889 	 0.0021 	 0.0016 	 26.4710
  0.6790 	 0.8889 	 0.0027 	 0.0010 	 28.8898
  0.7407 	 0.8889 	 0.0029 	 0.0003 	 29.0144
  0.8025 	 0.8889 	 0.0026 	 -0.0003 	 26.4726
  0.8642 	 0.8889 	 0.0021 	 -0.0008 	 22.1014
  0.9259 	 0.8889 	 0.0013 	 -0.0011 	 17.2123
  0.0617 	 0.9259 	 -0.0005 	 -0.0008 	 9.7185
  0.1235 	 0.9259 	 -0.0013 	 -0.0007 	 14.6546
  0.1852 	 0.9259 	 -0.0019 	 -0.0004 	 19.6085
  0.2469 	 0.9259 	 -0.0023 	 -0.0000 	 22.8758
  0.3086 	 0.9259 	 -0.0023 	 0.0004 	 23.6059
  0.3704 	 0.9259 	 -0.0020 	 0.0008 	 21.3648
  0.4321 	 0.9259 	 -0.0012 	 0.0012 	 17.0757
  0.4938 	 0.9259 	 -0.0002 	 0.0014 	 13.9790
  0.5556 	 0.9259 	 0.0009 	 0.0013 	 15.9156
  0.6173 	 0.9259 	 0.0018 	 0.0011 	 20.6151
  0.6790 	 0.9259 	 0.0023 	 0.0007 	 24.0978
  0.7407 	 0.9259 	 0.0025 	 0.0002 	 24.8259
  0.8025 	 0.9259 	 0.0023 	 -0.0001 	 22.8086
  0.8642 	 0.9259 	 0.0018 	 -0.0005 	 18.6929
  0.9259 	 0.9259 	 0.0011 	 -0.0007 	 13.5151
  0.0617 	 0.9630 	 -0.0005 	 -0.0004 	 6.5638
  0.1235 	 0.9630 	 -0.0012 	 -0.0003 	 12.8527
  0.1852 	 0.9630 	 -0.0019 	 -0.0002 	 18.7102
  0.2469 	 0.9630 	 -0.0023 	 0.0001 	 23.0757
  0.3086 	 0.9630 	 -0.0025 	 0.0003 	 24.7132
  0.3704 	 0.9630 	 -0.0022 	 0.0004 	 22.2913
  0.4321 	 0.9630 	 -0.0014 	 0.0006 	 15.1736
  0.4938 	 0.9630 	 -0.0002 	 0.0006 	 6.5884
  0.5556 	 0.9630 	 0.0010 	 0.0006 	 11.7055
  0.6173 	 0.9630 	 0.0020 	 0.0005 	 20.4889
  0.6790 	 0.9630 	 0.0025 	 0.0004 	 25.1995
  0.7407 	 0.9630 	 0.0025 	 0.0002 	 25.4557
  0.8025 	 0.9630 	 0.0022 	 -0.0000 	 22.4909
  0.8642 	 0.9630 	 0.0017 	 -0.0002 	 17.4892
  0.9259 	 0.9630 	 0.0011 	 -0.0004 	 11.3930
 