 x 	 y 	 u 	 v 	 m 
  0.0617 	 0.0370 	 0.0066 	 0.0026 	 70.7048
  0.1235 	 0.0370 	 0.0019 	 -0.0019 	 26.9136
  0.1852 	 0.0370 	 0.0008 	 0.0003 	 8.2473
  0.2469 	 0.0370 	 0.0010 	 0.0001 	 9.7410
  0.3086 	 0.0370 	 0.0007 	 0.0001 	 6.6263
  0.3704 	 0.0370 	 0.0003 	 0.0001 	 3.3300
  0.4321 	 0.0370 	 0.0000 	 0.0001 	 0.6935
  0.4938 	 0.0370 	 -0.0002 	 0.0000 	 1.5664
  0.5556 	 0.0370 	 -0.0003 	 0.0000 	 3.4453
  0.6173 	 0.0370 	 -0.0006 	 0.0001 	 6.0877
  0.6790 	 0.0370 	 -0.0010 	 0.0001 	 9.8079
  0.7407 	 0.0370 	 -0.0014 	 0.0001 	 13.8329
  0.8025 	 0.0370 	 -0.0017 	 0.0001 	 16.7527
  0.8642 	 0.0370 	 -0.0013 	 0.0003 	 13.3300
  0.9259 	 0.0370 	 -0.0032 	 -0.0021 	 37.9533
  0.0617 	 0.0741 	 0.0012 	 0.0043 	 44.5688
  0.1235 	 0.0741 	 0.0016 	 -0.0012 	 19.8793
  0.1852 	 0.0741 	 0.0023 	 -0.0001 	 22.6342
  0.2469 	 0.0741 	 0.0024 	 0.0002 	 24.2057
  0.3086 	 0.0741 	 0.0019 	 0.0004 	 19.2424
  0.3704 	 0.0741 	 0.0012 	 0.0004 	 12.6499
  0.4321 	 0.0741 	 0.0005 	 0.0003 	 6.3202
  0.4938 	 0.0741 	 -0.0000 	 0.0003 	 2.8087
  0.5556 	 0.0741 	 -0.0006 	 0.0003 	 6.6987
  0.6173 	 0.0741 	 -0.0012 	 0.0004 	 13.0887
  0.6790 	 0.0741 	 -0.0020 	 0.0005 	 20.6132
  0.7407 	 0.0741 	 -0.0027 	 0.0005 	 27.6531
  0.8025 	 0.0741 	 -0.0032 	 0.0002 	 31.6409
  0.8642 	 0.0741 	 -0.0027 	 -0.0002 	 26.9159
  0.9259 	 0.0741 	 -0.0019 	 -0.0014 	 23.8364
  0.0617 	 0.1111 	 -0.0001 	 0.0005 	 5.3502
  0.1235 	 0.1111 	 0.0035 	 -0.0020 	 40.0524
  0.1852 	 0.1111 	 0.0044 	 -0.0005 	 44.4381
  0.2469 	 0.1111 	 0.0045 	 0.0005 	 44.9232
  0.3086 	 0.1111 	 0.0036 	 0.0010 	 37.5929
  0.3704 	 0.1111 	 0.0024 	 0.0011 	 26.4956
  0.4321 	 0.1111 	 0.0012 	 0.0009 	 15.2077
  0.4938 	 0.1111 	 0.0001 	 0.0008 	 8.0779
  0.5556 	 0.1111 	 -0.0010 	 0.0008 	 12.7767
  0.6173 	 0.1111 	 -0.0021 	 0.0011 	 23.8956
  0.6790 	 0.1111 	 -0.0035 	 0.0012 	 36.6702
  0.7407 	 0.1111 	 -0.0046 	 0.0010 	 47.5635
  0.8025 	 0.1111 	 -0.0052 	 0.0004 	 52.5136
  0.8642 	 0.1111 	 -0.0047 	 -0.0008 	 48.1112
  0.9259 	 0.1111 	 -0.0034 	 -0.0024 	 41.4152
  0.0617 	 0.1481 	 0.0021 	 -0.0031 	 37.3753
  0.1235 	 0.1481 	 0.0056 	 -0.0032 	 64.4610
  0.1852 	 0.1481 	 0.0072 	 -0.0011 	 73.2278
  0.2469 	 0.1481 	 0.0075 	 0.0007 	 75.2363
  0.3086 	 0.1481 	 0.0063 	 0.0018 	 65.4118
  0.3704 	 0.1481 	 0.0043 	 0.0022 	 48.0096
  0.4321 	 0.1481 	 0.0022 	 0.0020 	 29.4613
  0.4938 	 0.1481 	 0.0003 	 0.0017 	 17.5184
  0.5556 	 0.1481 	 -0.0015 	 0.0018 	 23.5114
  0.6173 	 0.1481 	 -0.0035 	 0.0021 	 41.2368
  0.6790 	 0.1481 	 -0.0057 	 0.0023 	 61.4518
  0.7407 	 0.1481 	 -0.0075 	 0.0018 	 77.0868
  0.8025 	 0.1481 	 -0.0082 	 0.0004 	 81.7267
  0.8642 	 0.1481 	 -0.0072 	 -0.0015 	 73.7919
  0.9259 	 0.1481 	 -0.0051 	 -0.0037 	 62.8256
  0.0617 	 0.1852 	 0.0034 	 -0.0059 	 67.9317
  0.1235 	 0.1852 	 0.0078 	 -0.0052 	 93.6983
  0.1852 	 0.1852 	 0.0109 	 -0.0023 	 111.1833
  0.2469 	 0.1852 	 0.0119 	 0.0008 	 119.3352
  0.3086 	 0.1852 	 0.0104 	 0.0031 	 108.4264
  0.3704 	 0.1852 	 0.0073 	 0.0039 	 82.5550
  0.4321 	 0.1852 	 0.0038 	 0.0037 	 52.9303
  0.4938 	 0.1852 	 0.0006 	 0.0033 	 33.4502
  0.5556 	 0.1852 	 -0.0025 	 0.0034 	 41.9791
  0.6173 	 0.1852 	 -0.0058 	 0.0039 	 69.8720
  0.6790 	 0.1852 	 -0.0092 	 0.0040 	 100.5982
  0.7407 	 0.1852 	 -0.0118 	 0.0028 	 121.0186
  0.8025 	 0.1852 	 -0.0122 	 0.0002 	 121.5285
  0.8642 	 0.1852 	 -0.0100 	 -0.0030 	 104.7616
  0.9259 	 0.1852 	 -0.0065 	 -0.0057 	 86.2816
  0.0617 	 0.2222 	 0.0040 	 -0.0090 	 97.9926
  0.1235 	 0.2222 	 0.0095 	 -0.0082 	 125.3745
  0.1852 	 0.2222 	 0.0150 	 -0.0047 	 156.8112
  0.2469 	 0.2222 	 0.0180 	 0.0003 	 180.0404
  0.3086 	 0.2222 	 0.0167 	 0.0048 	 173.8142
  0.3704 	 0.2222 	 0.0122 	 0.0067 	 139.0782
  0.4321 	 0.2222 	 0.0066 	 0.0066 	 92.9545
  0.4938 	 0.2222 	 0.0011 	 0.0060 	 60.8838
  0.5556 	 0.2222 	 -0.0042 	 0.0061 	 74.4413
  0.6173 	 0.2222 	 -0.0097 	 0.0068 	 118.6149
  0.6790 	 0.2222 	 -0.0149 	 0.0065 	 162.4235
  0.7407 	 0.2222 	 -0.0179 	 0.0039 	 183.3366
  0.8025 	 0.2222 	 -0.0171 	 -0.0009 	 171.0816
  0.8642 	 0.2222 	 -0.0126 	 -0.0057 	 138.2664
  0.9259 	 0.2222 	 -0.0071 	 -0.0085 	 111.3228
  0.0617 	 0.2593 	 0.0030 	 -0.0114 	 117.7340
  0.1235 	 0.2593 	 0.0091 	 -0.0125 	 154.6988
  0.1852 	 0.2593 	 0.0180 	 -0.0092 	 202.5488
  0.2469 	 0.2593 	 0.0243 	 -0.0016 	 243.5959
  0.3086 	 0.2593 	 0.0249 	 0.0062 	 256.2819
  0.3704 	 0.2593 	 0.0197 	 0.0106 	 224.0672
  0.4321 	 0.2593 	 0.0113 	 0.0113 	 159.8510
  0.4938 	 0.2593 	 0.0019 	 0.0107 	 109.1700
  0.5556 	 0.2593 	 -0.0074 	 0.0108 	 131.3694
  0.6173 	 0.2593 	 -0.0163 	 0.0112 	 197.7278
  0.6790 	 0.2593 	 -0.0229 	 0.0096 	 247.9843
  0.7407 	 0.2593 	 -0.0247 	 0.0042 	 250.8266
  0.8025 	 0.2593 	 -0.0212 	 -0.0035 	 214.8192
  0.8642 	 0.2593 	 -0.0138 	 -0.0101 	 170.8251
  0.9259 	 0.2593 	 -0.0059 	 -0.0123 	 136.0554
  0.0617 	 0.2963 	 -0.0004 	 -0.0137 	 137.1196
  0.1235 	 0.2963 	 0.0084 	 -0.0182 	 200.8748
  0.1852 	 0.2963 	 0.0172 	 -0.0145 	 224.6328
  0.2469 	 0.2963 	 0.0241 	 -0.0051 	 246.2987
  0.3086 	 0.2963 	 0.0289 	 0.0057 	 294.2856
  0.3704 	 0.2963 	 0.0270 	 0.0144 	 305.7154
  0.4321 	 0.2963 	 0.0171 	 0.0181 	 249.4080
  0.4938 	 0.2963 	 0.0031 	 0.0185 	 187.9272
  0.5556 	 0.2963 	 -0.0116 	 0.0184 	 217.2635
  0.6173 	 0.2963 	 -0.0236 	 0.0170 	 290.7090
  0.6790 	 0.2963 	 -0.0287 	 0.0114 	 309.0428
  0.7407 	 0.2963 	 -0.0256 	 0.0020 	 256.4162
  0.8025 	 0.2963 	 -0.0190 	 -0.0074 	 203.7663
  0.8642 	 0.2963 	 -0.0127 	 -0.0148 	 195.0129
  0.9259 	 0.2963 	 -0.0049 	 -0.0172 	 178.6579
  0.0617 	 0.3333 	 0.0053 	 -0.0201 	 207.5558
  0.1235 	 0.3333 	 0.0120 	 -0.0214 	 245.2953
  0.1852 	 0.3333 	 0.0096 	 -0.0152 	 179.2369
  0.2469 	 0.3333 	 0.0107 	 -0.0085 	 137.1785
  0.3086 	 0.3333 	 0.0189 	 0.0013 	 189.6189
  0.3704 	 0.3333 	 0.0243 	 0.0150 	 285.6045
  0.4321 	 0.3333 	 0.0185 	 0.0251 	 311.7418
  0.4938 	 0.3333 	 0.0036 	 0.0285 	 287.5952
  0.5556 	 0.3333 	 -0.0130 	 0.0277 	 305.7738
  0.6173 	 0.3333 	 -0.0233 	 0.0217 	 318.8528
  0.6790 	 0.3333 	 -0.0220 	 0.0094 	 239.7831
  0.7407 	 0.3333 	 -0.0130 	 -0.0032 	 133.3981
  0.8025 	 0.3333 	 -0.0067 	 -0.0101 	 121.1304
  0.8642 	 0.3333 	 -0.0088 	 -0.0146 	 170.5269
  0.9259 	 0.3333 	 -0.0110 	 -0.0199 	 227.8386
  0.0617 	 0.3704 	 0.0161 	 -0.0276 	 319.5133
  0.1235 	 0.3704 	 0.0128 	 -0.0166 	 209.7162
  0.1852 	 0.3704 	 -0.0011 	 -0.0095 	 95.2556
  0.2469 	 0.3704 	 -0.0049 	 -0.0098 	 109.8956
  0.3086 	 0.3704 	 0.0008 	 -0.0041 	 41.6513
  0.3704 	 0.3704 	 0.0092 	 0.0115 	 147.2108
  0.4321 	 0.3704 	 0.0109 	 0.0284 	 304.5109
  0.4938 	 0.3704 	 0.0024 	 0.0367 	 367.9135
  0.5556 	 0.3704 	 -0.0083 	 0.0346 	 355.9541
  0.6173 	 0.3704 	 -0.0112 	 0.0223 	 249.5063
  0.6790 	 0.3704 	 -0.0046 	 0.0044 	 63.4960
  0.7407 	 0.3704 	 0.0032 	 -0.0079 	 85.5559
  0.8025 	 0.3704 	 0.0058 	 -0.0103 	 118.2288
  0.8642 	 0.3704 	 -0.0016 	 -0.0083 	 84.9315
  0.9259 	 0.3704 	 -0.0159 	 -0.0151 	 219.2269
  0.0617 	 0.4074 	 0.0067 	 -0.0332 	 339.0852
  0.1235 	 0.4074 	 0.0056 	 -0.0089 	 105.3456
  0.1852 	 0.4074 	 -0.0084 	 -0.0027 	 88.4571
  0.2469 	 0.4074 	 -0.0109 	 -0.0099 	 147.6643
  0.3086 	 0.4074 	 -0.0112 	 -0.0059 	 126.2488
  0.3704 	 0.4074 	 -0.0070 	 0.0070 	 98.9071
  0.4321 	 0.4074 	 -0.0007 	 0.0271 	 271.4744
  0.4938 	 0.4074 	 0.0002 	 0.0393 	 393.4571
  0.5556 	 0.4074 	 -0.0003 	 0.0362 	 361.6673
  0.6173 	 0.4074 	 0.0039 	 0.0192 	 195.4917
  0.6790 	 0.4074 	 0.0101 	 0.0008 	 101.4731
  0.7407 	 0.4074 	 0.0104 	 -0.0087 	 136.0770
  0.8025 	 0.4074 	 0.0099 	 -0.0102 	 142.4382
  0.8642 	 0.4074 	 0.0053 	 -0.0013 	 54.9335
  0.9259 	 0.4074 	 -0.0094 	 -0.0073 	 118.8345
  0.0617 	 0.4444 	 -0.0104 	 -0.0341 	 356.2868
  0.1235 	 0.4444 	 -0.0121 	 -0.0069 	 139.1200
  0.1852 	 0.4444 	 -0.0113 	 -0.0006 	 113.2479
  0.2469 	 0.4444 	 -0.0123 	 -0.0087 	 151.2741
  0.3086 	 0.4444 	 -0.0168 	 -0.0035 	 171.7993
  0.3704 	 0.4444 	 -0.0196 	 0.0046 	 201.7655
  0.4321 	 0.4444 	 -0.0127 	 0.0224 	 256.9208
  0.4938 	 0.4444 	 -0.0021 	 0.0354 	 354.1736
  0.5556 	 0.4444 	 0.0083 	 0.0318 	 329.1393
  0.6173 	 0.4444 	 0.0177 	 0.0147 	 230.1247
  0.6790 	 0.4444 	 0.0187 	 0.0015 	 187.9314
  0.7407 	 0.4444 	 0.0139 	 -0.0064 	 152.7679
  0.8025 	 0.4444 	 0.0095 	 -0.0091 	 131.6127
  0.8642 	 0.4444 	 0.0097 	 0.0011 	 97.6856
  0.9259 	 0.4444 	 0.0109 	 -0.0056 	 122.3819
  0.0617 	 0.4815 	 -0.0101 	 -0.0238 	 258.6803
  0.1235 	 0.4815 	 -0.0158 	 -0.0086 	 179.8587
  0.1852 	 0.4815 	 -0.0102 	 -0.0044 	 110.5978
  0.2469 	 0.4815 	 -0.0121 	 -0.0056 	 133.5689
  0.3086 	 0.4815 	 -0.0159 	 -0.0017 	 159.4314
  0.3704 	 0.4815 	 -0.0166 	 0.0064 	 177.6782
  0.4321 	 0.4815 	 -0.0140 	 0.0179 	 227.0271
  0.4938 	 0.4815 	 -0.0032 	 0.0260 	 261.7179
  0.5556 	 0.4815 	 0.0114 	 0.0236 	 261.9808
  0.6173 	 0.4815 	 0.0152 	 0.0129 	 199.6536
  0.6790 	 0.4815 	 0.0164 	 0.0029 	 166.3824
  0.7407 	 0.4815 	 0.0137 	 -0.0038 	 142.3947
  0.8025 	 0.4815 	 0.0094 	 -0.0061 	 111.7326
  0.8642 	 0.4815 	 0.0097 	 -0.0036 	 103.5036
  0.9259 	 0.4815 	 0.0161 	 -0.0075 	 177.3257
  0.0617 	 0.5185 	 -0.0066 	 -0.0174 	 185.8411
  0.1235 	 0.5185 	 -0.0103 	 -0.0089 	 135.8196
  0.1852 	 0.5185 	 -0.0089 	 -0.0053 	 104.0367
  0.2469 	 0.5185 	 -0.0098 	 -0.0041 	 106.7420
  0.3086 	 0.5185 	 -0.0116 	 -0.0004 	 116.5506
  0.3704 	 0.5185 	 -0.0121 	 0.0062 	 136.3312
  0.4321 	 0.5185 	 -0.0094 	 0.0143 	 171.1935
  0.4938 	 0.5185 	 -0.0019 	 0.0201 	 202.0707
  0.5556 	 0.5185 	 0.0068 	 0.0185 	 197.1267
  0.6173 	 0.5185 	 0.0115 	 0.0112 	 159.9130
  0.6790 	 0.5185 	 0.0119 	 0.0034 	 123.8904
  0.7407 	 0.5185 	 0.0104 	 -0.0021 	 106.0527
  0.8025 	 0.5185 	 0.0083 	 -0.0047 	 95.7043
  0.8642 	 0.5185 	 0.0083 	 -0.0050 	 96.9160
  0.9259 	 0.5185 	 0.0100 	 -0.0083 	 130.0701
  0.0617 	 0.5556 	 -0.0043 	 -0.0131 	 137.9061
  0.1235 	 0.5556 	 -0.0074 	 -0.0083 	 111.0264
  0.1852 	 0.5556 	 -0.0078 	 -0.0052 	 93.8752
  0.2469 	 0.5556 	 -0.0090 	 -0.0031 	 95.3616
  0.3086 	 0.5556 	 -0.0106 	 0.0004 	 106.4717
  0.3704 	 0.5556 	 -0.0109 	 0.0056 	 122.8035
  0.4321 	 0.5556 	 -0.0079 	 0.0116 	 140.4688
  0.4938 	 0.5556 	 -0.0015 	 0.0156 	 156.2638
  0.5556 	 0.5556 	 0.0056 	 0.0145 	 155.7524
  0.6173 	 0.5556 	 0.0101 	 0.0094 	 137.7705
  0.6790 	 0.5556 	 0.0109 	 0.0035 	 114.9533
  0.7407 	 0.5556 	 0.0095 	 -0.0010 	 96.0475
  0.8025 	 0.5556 	 0.0078 	 -0.0037 	 86.1883
  0.8642 	 0.5556 	 0.0071 	 -0.0052 	 87.3928
  0.9259 	 0.5556 	 0.0069 	 -0.0080 	 105.2344
  0.0617 	 0.5926 	 -0.0028 	 -0.0102 	 106.0397
  0.1235 	 0.5926 	 -0.0053 	 -0.0075 	 91.6395
  0.1852 	 0.5926 	 -0.0062 	 -0.0049 	 78.7106
  0.2469 	 0.5926 	 -0.0070 	 -0.0025 	 74.3678
  0.3086 	 0.5926 	 -0.0076 	 0.0008 	 76.5784
  0.3704 	 0.5926 	 -0.0072 	 0.0052 	 88.8749
  0.4321 	 0.5926 	 -0.0051 	 0.0096 	 108.5112
  0.4938 	 0.5926 	 -0.0010 	 0.0122 	 122.6316
  0.5556 	 0.5926 	 0.0036 	 0.0116 	 121.6081
  0.6173 	 0.5926 	 0.0066 	 0.0081 	 104.1784
  0.6790 	 0.5926 	 0.0075 	 0.0035 	 82.9711
  0.7407 	 0.5926 	 0.0072 	 -0.0005 	 71.9512
  0.8025 	 0.5926 	 0.0063 	 -0.0031 	 70.3328
  0.8642 	 0.5926 	 0.0056 	 -0.0049 	 74.8883
  0.9259 	 0.5926 	 0.0049 	 -0.0073 	 87.4464
  0.0617 	 0.6296 	 -0.0019 	 -0.0082 	 84.4192
  0.1235 	 0.6296 	 -0.0040 	 -0.0065 	 76.4305
  0.1852 	 0.6296 	 -0.0050 	 -0.0043 	 66.2579
  0.2469 	 0.6296 	 -0.0058 	 -0.0019 	 61.6152
  0.3086 	 0.6296 	 -0.0065 	 0.0011 	 65.5319
  0.3704 	 0.6296 	 -0.0063 	 0.0047 	 79.0480
  0.4321 	 0.6296 	 -0.0045 	 0.0078 	 90.3729
  0.4938 	 0.6296 	 -0.0009 	 0.0094 	 94.8414
  0.5556 	 0.6296 	 0.0032 	 0.0091 	 96.6456
  0.6173 	 0.6296 	 0.0058 	 0.0069 	 90.1553
  0.6790 	 0.6296 	 0.0065 	 0.0035 	 73.9947
  0.7407 	 0.6296 	 0.0061 	 0.0000 	 61.1589
  0.8025 	 0.6296 	 0.0053 	 -0.0025 	 59.1582
  0.8642 	 0.6296 	 0.0046 	 -0.0045 	 64.0096
  0.9259 	 0.6296 	 0.0035 	 -0.0065 	 73.6778
  0.0617 	 0.6667 	 -0.0013 	 -0.0068 	 69.4091
  0.1235 	 0.6667 	 -0.0029 	 -0.0057 	 64.1406
  0.1852 	 0.6667 	 -0.0038 	 -0.0039 	 54.2809
  0.2469 	 0.6667 	 -0.0044 	 -0.0017 	 47.3600
  0.3086 	 0.6667 	 -0.0048 	 0.0012 	 49.6288
  0.3704 	 0.6667 	 -0.0046 	 0.0043 	 62.5398
  0.4321 	 0.6667 	 -0.0032 	 0.0067 	 73.9252
  0.4938 	 0.6667 	 -0.0006 	 0.0077 	 77.5916
  0.5556 	 0.6667 	 0.0023 	 0.0076 	 79.3552
  0.6173 	 0.6667 	 0.0042 	 0.0060 	 73.5516
  0.6790 	 0.6667 	 0.0048 	 0.0032 	 58.1045
  0.7407 	 0.6667 	 0.0047 	 0.0002 	 46.6016
  0.8025 	 0.6667 	 0.0041 	 -0.0022 	 46.9712
  0.8642 	 0.6667 	 0.0035 	 -0.0041 	 53.8701
  0.9259 	 0.6667 	 0.0026 	 -0.0057 	 62.7257
  0.0617 	 0.7037 	 -0.0009 	 -0.0058 	 58.8799
  0.1235 	 0.7037 	 -0.0021 	 -0.0051 	 54.8870
  0.1852 	 0.7037 	 -0.0028 	 -0.0035 	 44.5980
  0.2469 	 0.7037 	 -0.0030 	 -0.0014 	 33.3029
  0.3086 	 0.7037 	 -0.0029 	 0.0012 	 31.1476
  0.3704 	 0.7037 	 -0.0024 	 0.0040 	 46.3846
  0.4321 	 0.7037 	 -0.0015 	 0.0057 	 59.2625
  0.4938 	 0.7037 	 -0.0002 	 0.0063 	 63.0433
  0.5556 	 0.7037 	 0.0011 	 0.0063 	 63.8890
  0.6173 	 0.7037 	 0.0021 	 0.0054 	 57.7596
  0.6790 	 0.7037 	 0.0028 	 0.0031 	 41.5573
  0.7407 	 0.7037 	 0.0031 	 0.0003 	 30.9402
  0.8025 	 0.7037 	 0.0030 	 -0.0020 	 36.2512
  0.8642 	 0.7037 	 0.0027 	 -0.0037 	 45.8798
  0.9259 	 0.7037 	 0.0019 	 -0.0051 	 54.3471
  0.0617 	 0.7407 	 -0.0006 	 -0.0051 	 51.4467
  0.1235 	 0.7407 	 -0.0015 	 -0.0046 	 48.4423
  0.1852 	 0.7407 	 -0.0019 	 -0.0033 	 38.1777
  0.2469 	 0.7407 	 -0.0021 	 -0.0014 	 24.8494
  0.3086 	 0.7407 	 -0.0023 	 0.0012 	 25.3474
  0.3704 	 0.7407 	 -0.0023 	 0.0038 	 44.2192
  0.4321 	 0.7407 	 -0.0018 	 0.0053 	 55.6607
  0.4938 	 0.7407 	 -0.0004 	 0.0055 	 55.4195
  0.5556 	 0.7407 	 0.0014 	 0.0056 	 58.0846
  0.6173 	 0.7407 	 0.0023 	 0.0050 	 55.3515
  0.6790 	 0.7407 	 0.0024 	 0.0029 	 38.2033
  0.7407 	 0.7407 	 0.0023 	 0.0003 	 22.8147
  0.8025 	 0.7407 	 0.0021 	 -0.0020 	 28.8898
  0.8642 	 0.7407 	 0.0020 	 -0.0035 	 40.4381
  0.9259 	 0.7407 	 0.0014 	 -0.0046 	 48.2595
  0.0617 	 0.7778 	 -0.0005 	 -0.0046 	 46.0281
  0.1235 	 0.7778 	 -0.0011 	 -0.0043 	 44.5069
  0.1852 	 0.7778 	 -0.0011 	 -0.0033 	 35.2182
  0.2469 	 0.7778 	 -0.0006 	 -0.0016 	 17.0883
  0.3086 	 0.7778 	 0.0001 	 0.0009 	 9.3523
  0.3704 	 0.7778 	 0.0008 	 0.0036 	 36.4085
  0.4321 	 0.7778 	 0.0009 	 0.0051 	 52.0954
  0.4938 	 0.7778 	 0.0003 	 0.0055 	 54.8394
  0.5556 	 0.7778 	 -0.0006 	 0.0056 	 55.9510
  0.6173 	 0.7778 	 -0.0008 	 0.0048 	 49.1466
  0.6790 	 0.7778 	 -0.0003 	 0.0027 	 27.2194
  0.7407 	 0.7778 	 0.0004 	 0.0000 	 4.2863
  0.8025 	 0.7778 	 0.0011 	 -0.0021 	 24.2147
  0.8642 	 0.7778 	 0.0014 	 -0.0035 	 37.9184
  0.9259 	 0.7778 	 0.0011 	 -0.0043 	 44.0766
  0.0617 	 0.8148 	 -0.0004 	 -0.0041 	 41.5589
  0.1235 	 0.8148 	 -0.0009 	 -0.0042 	 42.5768
  0.1852 	 0.8148 	 -0.0006 	 -0.0037 	 37.0658
  0.2469 	 0.8148 	 0.0004 	 -0.0021 	 21.5446
  0.3086 	 0.8148 	 0.0010 	 0.0008 	 12.7817
  0.3704 	 0.8148 	 0.0006 	 0.0038 	 38.2857
  0.4321 	 0.8148 	 -0.0002 	 0.0053 	 53.0718
  0.4938 	 0.8148 	 -0.0001 	 0.0054 	 53.5150
  0.5556 	 0.8148 	 0.0004 	 0.0055 	 55.4478
  0.6173 	 0.8148 	 -0.0000 	 0.0051 	 50.8244
  0.6790 	 0.8148 	 -0.0007 	 0.0028 	 29.2569
  0.7407 	 0.8148 	 -0.0006 	 -0.0003 	 6.5307
  0.8025 	 0.8148 	 0.0005 	 -0.0027 	 27.1973
  0.8642 	 0.8148 	 0.0012 	 -0.0037 	 38.7851
  0.9259 	 0.8148 	 0.0011 	 -0.0040 	 41.2467
  0.0617 	 0.8519 	 -0.0005 	 -0.0037 	 36.9190
  0.1235 	 0.8519 	 -0.0011 	 -0.0040 	 41.6210
  0.1852 	 0.8519 	 -0.0006 	 -0.0043 	 43.2506
  0.2469 	 0.8519 	 0.0017 	 -0.0034 	 38.3246
  0.3086 	 0.8519 	 0.0039 	 0.0001 	 38.7702
  0.3704 	 0.8519 	 0.0038 	 0.0041 	 55.6848
  0.4321 	 0.8519 	 0.0025 	 0.0061 	 65.5932
  0.4938 	 0.8519 	 0.0006 	 0.0064 	 64.7397
  0.5556 	 0.8519 	 -0.0016 	 0.0065 	 67.3739
  0.6173 	 0.8519 	 -0.0032 	 0.0057 	 65.1482
  0.6790 	 0.8519 	 -0.0039 	 0.0029 	 48.5434
  0.7407 	 0.8519 	 -0.0026 	 -0.0014 	 29.8957
  0.8025 	 0.8519 	 0.0000 	 -0.0039 	 38.7747
  0.8642 	 0.8519 	 0.0014 	 -0.0040 	 42.6046
  0.9259 	 0.8519 	 0.0012 	 -0.0037 	 38.8665
  0.0617 	 0.8889 	 -0.0007 	 -0.0030 	 31.1194
  0.1235 	 0.8889 	 -0.0017 	 -0.0037 	 40.4381
  0.1852 	 0.8889 	 -0.0015 	 -0.0050 	 52.4693
  0.2469 	 0.8889 	 0.0023 	 -0.0061 	 65.2486
  0.3086 	 0.8889 	 0.0078 	 -0.0012 	 78.6183
  0.3704 	 0.8889 	 0.0060 	 0.0060 	 85.0680
  0.4321 	 0.8889 	 0.0021 	 0.0075 	 77.5719
  0.4938 	 0.8889 	 0.0003 	 0.0070 	 69.8141
  0.5556 	 0.8889 	 -0.0009 	 0.0073 	 73.3408
  0.6173 	 0.8889 	 -0.0039 	 0.0075 	 84.9470
  0.6790 	 0.8889 	 -0.0078 	 0.0040 	 87.3025
  0.7407 	 0.8889 	 -0.0048 	 -0.0040 	 62.0736
  0.8025 	 0.8889 	 0.0007 	 -0.0059 	 59.4569
  0.8642 	 0.8889 	 0.0022 	 -0.0043 	 48.0295
  0.9259 	 0.8889 	 0.0016 	 -0.0032 	 35.8756
  0.0617 	 0.9259 	 -0.0009 	 -0.0022 	 23.7935
  0.1235 	 0.9259 	 -0.0025 	 -0.0029 	 38.2026
  0.1852 	 0.9259 	 -0.0038 	 -0.0051 	 63.4823
  0.2469 	 0.9259 	 -0.0004 	 -0.0107 	 106.9782
  0.3086 	 0.9259 	 0.0150 	 -0.0072 	 166.5108
  0.3704 	 0.9259 	 0.0109 	 0.0109 	 154.0559
  0.4321 	 0.9259 	 0.0023 	 0.0102 	 104.6354
  0.4938 	 0.9259 	 0.0003 	 0.0081 	 81.1425
  0.5556 	 0.9259 	 -0.0006 	 0.0089 	 88.9437
  0.6173 	 0.9259 	 -0.0062 	 0.0114 	 129.8733
  0.6790 	 0.9259 	 -0.0165 	 0.0067 	 177.8729
  0.7407 	 0.9259 	 -0.0052 	 -0.0119 	 129.9148
  0.8025 	 0.9259 	 0.0038 	 -0.0082 	 90.0701
  0.8642 	 0.9259 	 0.0035 	 -0.0039 	 52.2167
  0.9259 	 0.9259 	 0.0020 	 -0.0024 	 31.5472
  0.0617 	 0.9630 	 -0.0010 	 -0.0012 	 15.7846
  0.1235 	 0.9630 	 -0.0031 	 -0.0016 	 34.6443
  0.1852 	 0.9630 	 -0.0065 	 -0.0031 	 71.9327
  0.2469 	 0.9630 	 -0.0115 	 -0.0124 	 169.1774
  0.3086 	 0.9630 	 0.0110 	 -0.0250 	 273.1907
  0.3704 	 0.9630 	 0.0099 	 0.0232 	 252.1445
  0.4321 	 0.9630 	 -0.0052 	 0.0150 	 158.6037
  0.4938 	 0.9630 	 -0.0035 	 0.0034 	 48.3500
  0.5556 	 0.9630 	 0.0073 	 0.0089 	 114.8741
  0.6173 	 0.9630 	 -0.0017 	 0.0199 	 199.8913
  0.6790 	 0.9630 	 -0.0173 	 0.0120 	 211.0755
  0.7407 	 0.9630 	 0.0077 	 -0.0283 	 292.9510
  0.8025 	 0.9630 	 0.0091 	 -0.0068 	 113.9033
  0.8642 	 0.9630 	 0.0046 	 -0.0022 	 51.3306
  0.9259 	 0.9630 	 0.0023 	 -0.0013 	 26.4400
 