 x 	 y 	 u 	 v 	 m 
  0.0617 	 0.0370 	 0.0051 	 0.0022 	 55.2192
  0.1235 	 0.0370 	 0.0014 	 -0.0016 	 20.6781
  0.1852 	 0.0370 	 0.0004 	 0.0003 	 4.4608
  0.2469 	 0.0370 	 0.0005 	 0.0001 	 4.3833
  0.3086 	 0.0370 	 0.0002 	 0.0001 	 1.3743
  0.3704 	 0.0370 	 -0.0001 	 0.0000 	 1.0900
  0.4321 	 0.0370 	 -0.0002 	 -0.0001 	 2.1114
  0.4938 	 0.0370 	 -0.0002 	 -0.0001 	 1.9690
  0.5556 	 0.0370 	 -0.0002 	 -0.0001 	 1.5859
  0.6173 	 0.0370 	 -0.0003 	 0.0000 	 2.4384
  0.6790 	 0.0370 	 -0.0006 	 0.0001 	 5.4520
  0.7407 	 0.0370 	 -0.0010 	 0.0001 	 9.4261
  0.8025 	 0.0370 	 -0.0013 	 0.0001 	 12.6714
  0.8642 	 0.0370 	 -0.0011 	 0.0002 	 10.6619
  0.9259 	 0.0370 	 -0.0026 	 -0.0017 	 30.6877
  0.0617 	 0.0741 	 0.0010 	 0.0034 	 35.2146
  0.1235 	 0.0741 	 0.0012 	 -0.0010 	 15.2796
  0.1852 	 0.0741 	 0.0017 	 -0.0001 	 16.3770
  0.2469 	 0.0741 	 0.0017 	 0.0002 	 16.6781
  0.3086 	 0.0741 	 0.0012 	 0.0003 	 11.9558
  0.3704 	 0.0741 	 0.0006 	 0.0002 	 6.4649
  0.4321 	 0.0741 	 0.0002 	 0.0001 	 2.0171
  0.4938 	 0.0741 	 -0.0001 	 -0.0000 	 1.0256
  0.5556 	 0.0741 	 -0.0004 	 0.0000 	 3.5601
  0.6173 	 0.0741 	 -0.0008 	 0.0002 	 8.1162
  0.6790 	 0.0741 	 -0.0015 	 0.0004 	 14.6653
  0.7407 	 0.0741 	 -0.0022 	 0.0004 	 21.2845
  0.8025 	 0.0741 	 -0.0026 	 0.0002 	 25.4112
  0.8642 	 0.0741 	 -0.0023 	 -0.0002 	 22.2228
  0.9259 	 0.0741 	 -0.0016 	 -0.0013 	 20.2100
  0.0617 	 0.1111 	 -0.0000 	 0.0003 	 3.7885
  0.1235 	 0.1111 	 0.0029 	 -0.0017 	 32.1406
  0.1852 	 0.1111 	 0.0036 	 -0.0004 	 34.7957
  0.2469 	 0.1111 	 0.0035 	 0.0004 	 34.1699
  0.3086 	 0.1111 	 0.0027 	 0.0007 	 27.2888
  0.3704 	 0.1111 	 0.0017 	 0.0007 	 17.6713
  0.4321 	 0.1111 	 0.0008 	 0.0004 	 8.4148
  0.4938 	 0.1111 	 0.0000 	 0.0002 	 2.0459
  0.5556 	 0.1111 	 -0.0007 	 0.0004 	 7.3414
  0.6173 	 0.1111 	 -0.0016 	 0.0007 	 16.8736
  0.6790 	 0.1111 	 -0.0028 	 0.0010 	 28.2229
  0.7407 	 0.1111 	 -0.0039 	 0.0009 	 38.1526
  0.8025 	 0.1111 	 -0.0044 	 0.0003 	 43.0493
  0.8642 	 0.1111 	 -0.0041 	 -0.0007 	 40.0738
  0.9259 	 0.1111 	 -0.0030 	 -0.0021 	 35.0968
  0.0617 	 0.1481 	 0.0018 	 -0.0027 	 31.4727
  0.1235 	 0.1481 	 0.0047 	 -0.0027 	 53.0414
  0.1852 	 0.1481 	 0.0061 	 -0.0009 	 59.2400
  0.2469 	 0.1481 	 0.0061 	 0.0007 	 59.6222
  0.3086 	 0.1481 	 0.0050 	 0.0015 	 50.3237
  0.3704 	 0.1481 	 0.0033 	 0.0015 	 35.0093
  0.4321 	 0.1481 	 0.0016 	 0.0012 	 19.0295
  0.4938 	 0.1481 	 0.0002 	 0.0009 	 8.2385
  0.5556 	 0.1481 	 -0.0012 	 0.0010 	 14.9192
  0.6173 	 0.1481 	 -0.0028 	 0.0015 	 30.9122
  0.6790 	 0.1481 	 -0.0047 	 0.0019 	 48.8571
  0.7407 	 0.1481 	 -0.0063 	 0.0016 	 62.8292
  0.8025 	 0.1481 	 -0.0070 	 0.0004 	 67.5432
  0.8642 	 0.1481 	 -0.0062 	 -0.0014 	 61.7968
  0.9259 	 0.1481 	 -0.0044 	 -0.0032 	 53.4221
  0.0617 	 0.1852 	 0.0030 	 -0.0052 	 57.9553
  0.1235 	 0.1852 	 0.0068 	 -0.0044 	 78.7918
  0.1852 	 0.1852 	 0.0093 	 -0.0018 	 91.9001
  0.2469 	 0.1852 	 0.0099 	 0.0009 	 96.6683
  0.3086 	 0.1852 	 0.0084 	 0.0026 	 85.7147
  0.3704 	 0.1852 	 0.0057 	 0.0030 	 62.7429
  0.4321 	 0.1852 	 0.0029 	 0.0025 	 36.9469
  0.4938 	 0.1852 	 0.0004 	 0.0020 	 19.6738
  0.5556 	 0.1852 	 -0.0020 	 0.0023 	 28.9004
  0.6173 	 0.1852 	 -0.0047 	 0.0030 	 54.0714
  0.6790 	 0.1852 	 -0.0077 	 0.0034 	 81.0487
  0.7407 	 0.1852 	 -0.0099 	 0.0025 	 99.1854
  0.8025 	 0.1852 	 -0.0104 	 0.0003 	 100.8754
  0.8642 	 0.1852 	 -0.0087 	 -0.0026 	 88.2875
  0.9259 	 0.1852 	 -0.0057 	 -0.0050 	 73.9681
  0.0617 	 0.2222 	 0.0036 	 -0.0080 	 85.2674
  0.1235 	 0.2222 	 0.0085 	 -0.0071 	 107.8399
  0.1852 	 0.2222 	 0.0131 	 -0.0038 	 132.3027
  0.2469 	 0.2222 	 0.0153 	 0.0006 	 148.2715
  0.3086 	 0.2222 	 0.0138 	 0.0041 	 139.4626
  0.3704 	 0.2222 	 0.0098 	 0.0053 	 107.9500
  0.4321 	 0.2222 	 0.0051 	 0.0048 	 67.9268
  0.4938 	 0.2222 	 0.0008 	 0.0041 	 40.2591
  0.5556 	 0.2222 	 -0.0035 	 0.0044 	 54.2663
  0.6173 	 0.2222 	 -0.0080 	 0.0053 	 93.3076
  0.6790 	 0.2222 	 -0.0124 	 0.0055 	 131.3253
  0.7407 	 0.2222 	 -0.0151 	 0.0035 	 150.6045
  0.8025 	 0.2222 	 -0.0147 	 -0.0006 	 142.8730
  0.8642 	 0.2222 	 -0.0110 	 -0.0049 	 117.7059
  0.9259 	 0.2222 	 -0.0063 	 -0.0075 	 96.4725
  0.0617 	 0.2593 	 0.0029 	 -0.0104 	 105.1221
  0.1235 	 0.2593 	 0.0086 	 -0.0109 	 136.3261
  0.1852 	 0.2593 	 0.0163 	 -0.0075 	 175.5432
  0.2469 	 0.2593 	 0.0212 	 -0.0007 	 206.0773
  0.3086 	 0.2593 	 0.0209 	 0.0057 	 209.8136
  0.3704 	 0.2593 	 0.0161 	 0.0087 	 176.9211
  0.4321 	 0.2593 	 0.0090 	 0.0086 	 120.3801
  0.4938 	 0.2593 	 0.0014 	 0.0079 	 77.3914
  0.5556 	 0.2593 	 -0.0062 	 0.0082 	 99.4552
  0.6173 	 0.2593 	 -0.0135 	 0.0090 	 157.2582
  0.6790 	 0.2593 	 -0.0192 	 0.0082 	 201.8854
  0.7407 	 0.2593 	 -0.0212 	 0.0039 	 208.8291
  0.8025 	 0.2593 	 -0.0185 	 -0.0027 	 182.8571
  0.8642 	 0.2593 	 -0.0123 	 -0.0087 	 147.7100
  0.9259 	 0.2593 	 -0.0054 	 -0.0109 	 119.3367
  0.0617 	 0.2963 	 0.0001 	 -0.0128 	 125.7168
  0.1235 	 0.2963 	 0.0082 	 -0.0162 	 179.4929
  0.1852 	 0.2963 	 0.0163 	 -0.0122 	 201.4416
  0.2469 	 0.2963 	 0.0225 	 -0.0035 	 222.8355
  0.3086 	 0.2963 	 0.0259 	 0.0058 	 256.1122
  0.3704 	 0.2963 	 0.0230 	 0.0124 	 251.4210
  0.4321 	 0.2963 	 0.0140 	 0.0144 	 194.0334
  0.4938 	 0.2963 	 0.0022 	 0.0143 	 139.6386
  0.5556 	 0.2963 	 -0.0100 	 0.0144 	 169.3255
  0.6173 	 0.2963 	 -0.0203 	 0.0140 	 237.1636
  0.6790 	 0.2963 	 -0.0253 	 0.0101 	 262.0284
  0.7407 	 0.2963 	 -0.0232 	 0.0023 	 226.8660
  0.8025 	 0.2963 	 -0.0175 	 -0.0061 	 182.9913
  0.8642 	 0.2963 	 -0.0116 	 -0.0129 	 171.7314
  0.9259 	 0.2963 	 -0.0046 	 -0.0153 	 157.5417
  0.0617 	 0.3333 	 0.0047 	 -0.0183 	 188.8013
  0.1235 	 0.3333 	 0.0103 	 -0.0192 	 218.3056
  0.1852 	 0.3333 	 0.0093 	 -0.0136 	 164.8344
  0.2469 	 0.3333 	 0.0120 	 -0.0071 	 140.2587
  0.3086 	 0.3333 	 0.0196 	 0.0025 	 195.1270
  0.3704 	 0.3333 	 0.0229 	 0.0139 	 258.7136
  0.4321 	 0.3333 	 0.0162 	 0.0210 	 254.9399
  0.4938 	 0.3333 	 0.0026 	 0.0229 	 222.5020
  0.5556 	 0.3333 	 -0.0120 	 0.0224 	 245.0812
  0.6173 	 0.3333 	 -0.0217 	 0.0185 	 274.6826
  0.6790 	 0.3333 	 -0.0217 	 0.0089 	 228.6536
  0.7407 	 0.3333 	 -0.0138 	 -0.0023 	 141.4076
  0.8025 	 0.3333 	 -0.0072 	 -0.0091 	 115.8772
  0.8642 	 0.3333 	 -0.0076 	 -0.0133 	 153.2374
  0.9259 	 0.3333 	 -0.0091 	 -0.0177 	 199.3618
  0.0617 	 0.3704 	 0.0126 	 -0.0241 	 273.1677
  0.1235 	 0.3704 	 0.0093 	 -0.0152 	 180.9056
  0.1852 	 0.3704 	 -0.0020 	 -0.0095 	 92.8311
  0.2469 	 0.3704 	 -0.0040 	 -0.0093 	 90.1803
  0.3086 	 0.3704 	 0.0026 	 -0.0029 	 42.3296
  0.3704 	 0.3704 	 0.0104 	 0.0114 	 155.4652
  0.4321 	 0.3704 	 0.0106 	 0.0248 	 261.0499
  0.4938 	 0.3704 	 0.0019 	 0.0305 	 294.7014
  0.5556 	 0.3704 	 -0.0083 	 0.0290 	 290.4960
  0.6173 	 0.3704 	 -0.0118 	 0.0196 	 223.5286
  0.6790 	 0.3704 	 -0.0059 	 0.0044 	 81.4138
  0.7407 	 0.3704 	 0.0022 	 -0.0073 	 65.9089
  0.8025 	 0.3704 	 0.0055 	 -0.0101 	 105.8443
  0.8642 	 0.3704 	 -0.0002 	 -0.0084 	 83.3704
  0.9259 	 0.3704 	 -0.0121 	 -0.0136 	 183.8832
  0.0617 	 0.4074 	 0.0052 	 -0.0278 	 284.5777
  0.1235 	 0.4074 	 0.0030 	 -0.0086 	 93.2603
  0.1852 	 0.4074 	 -0.0089 	 -0.0039 	 93.5604
  0.2469 	 0.4074 	 -0.0115 	 -0.0093 	 139.8375
  0.3086 	 0.4074 	 -0.0116 	 -0.0054 	 111.2652
  0.3704 	 0.4074 	 -0.0057 	 0.0068 	 86.2029
  0.4321 	 0.4074 	 0.0001 	 0.0242 	 236.4191
  0.4938 	 0.4074 	 0.0002 	 0.0332 	 321.3957
  0.5556 	 0.4074 	 -0.0007 	 0.0307 	 297.0328
  0.6173 	 0.4074 	 0.0030 	 0.0168 	 168.5585
  0.6790 	 0.4074 	 0.0101 	 0.0001 	 86.4314
  0.7407 	 0.4074 	 0.0113 	 -0.0082 	 128.5035
  0.8025 	 0.4074 	 0.0101 	 -0.0098 	 136.3120
  0.8642 	 0.4074 	 0.0059 	 -0.0025 	 62.4355
  0.9259 	 0.4074 	 -0.0065 	 -0.0070 	 97.0896
  0.0617 	 0.4444 	 -0.0089 	 -0.0285 	 300.5877
  0.1235 	 0.4444 	 -0.0114 	 -0.0066 	 133.7232
  0.1852 	 0.4444 	 -0.0106 	 -0.0023 	 110.5996
  0.2469 	 0.4444 	 -0.0123 	 -0.0077 	 145.0766
  0.3086 	 0.4444 	 -0.0167 	 -0.0035 	 164.3027
  0.3704 	 0.4444 	 -0.0178 	 0.0034 	 169.8115
  0.4321 	 0.4444 	 -0.0102 	 0.0199 	 217.2964
  0.4938 	 0.4444 	 -0.0014 	 0.0301 	 294.3779
  0.5556 	 0.4444 	 0.0069 	 0.0271 	 272.2004
  0.6173 	 0.4444 	 0.0158 	 0.0123 	 191.0481
  0.6790 	 0.4444 	 0.0182 	 -0.0004 	 172.0397
  0.7407 	 0.4444 	 0.0138 	 -0.0058 	 148.2030
  0.8025 	 0.4444 	 0.0092 	 -0.0084 	 124.9080
  0.8642 	 0.4444 	 0.0091 	 -0.0006 	 92.4754
  0.9259 	 0.4444 	 0.0098 	 -0.0053 	 112.6369
  0.0617 	 0.4815 	 -0.0082 	 -0.0199 	 216.7534
  0.1235 	 0.4815 	 -0.0131 	 -0.0079 	 154.5029
  0.1852 	 0.4815 	 -0.0093 	 -0.0047 	 103.6591
  0.2469 	 0.4815 	 -0.0116 	 -0.0051 	 122.9032
  0.3086 	 0.4815 	 -0.0143 	 -0.0018 	 141.1289
  0.3704 	 0.4815 	 -0.0146 	 0.0049 	 157.2378
  0.4321 	 0.4815 	 -0.0131 	 0.0153 	 198.7713
  0.4938 	 0.4815 	 -0.0024 	 0.0225 	 223.9508
  0.5556 	 0.4815 	 0.0106 	 0.0197 	 221.0158
  0.6173 	 0.4815 	 0.0138 	 0.0103 	 173.4216
  0.6790 	 0.4815 	 0.0145 	 0.0014 	 146.0877
  0.7407 	 0.4815 	 0.0127 	 -0.0037 	 127.5989
  0.8025 	 0.4815 	 0.0088 	 -0.0057 	 104.1657
  0.8642 	 0.4815 	 0.0083 	 -0.0040 	 93.5313
  0.9259 	 0.4815 	 0.0131 	 -0.0069 	 149.2660
  0.0617 	 0.5185 	 -0.0054 	 -0.0146 	 156.6005
  0.1235 	 0.5185 	 -0.0087 	 -0.0079 	 119.0623
  0.1852 	 0.5185 	 -0.0079 	 -0.0051 	 96.5135
  0.2469 	 0.5185 	 -0.0086 	 -0.0038 	 99.5693
  0.3086 	 0.5185 	 -0.0102 	 -0.0004 	 109.4476
  0.3704 	 0.5185 	 -0.0116 	 0.0049 	 127.6463
  0.4321 	 0.5185 	 -0.0093 	 0.0117 	 147.6035
  0.4938 	 0.5185 	 -0.0017 	 0.0166 	 165.1739
  0.5556 	 0.5185 	 0.0071 	 0.0150 	 164.0074
  0.6173 	 0.5185 	 0.0114 	 0.0086 	 142.6380
  0.6790 	 0.5185 	 0.0107 	 0.0024 	 116.1533
  0.7407 	 0.5185 	 0.0090 	 -0.0021 	 99.0989
  0.8025 	 0.5185 	 0.0074 	 -0.0044 	 89.8594
  0.8642 	 0.5185 	 0.0072 	 -0.0048 	 88.6980
  0.9259 	 0.5185 	 0.0084 	 -0.0073 	 112.2584
  0.0617 	 0.5556 	 -0.0036 	 -0.0110 	 116.3471
  0.1235 	 0.5556 	 -0.0065 	 -0.0073 	 97.9458
  0.1852 	 0.5556 	 -0.0073 	 -0.0048 	 87.3921
  0.2469 	 0.5556 	 -0.0089 	 -0.0028 	 90.0525
  0.3086 	 0.5556 	 -0.0107 	 0.0002 	 99.1013
  0.3704 	 0.5556 	 -0.0108 	 0.0045 	 110.4402
  0.4321 	 0.5556 	 -0.0077 	 0.0092 	 116.7829
  0.4938 	 0.5556 	 -0.0013 	 0.0122 	 120.5746
  0.5556 	 0.5556 	 0.0057 	 0.0113 	 123.8195
  0.6173 	 0.5556 	 0.0101 	 0.0072 	 118.6865
  0.6790 	 0.5556 	 0.0109 	 0.0025 	 104.4074
  0.7407 	 0.5556 	 0.0095 	 -0.0012 	 90.2078
  0.8025 	 0.5556 	 0.0075 	 -0.0035 	 81.7298
  0.8642 	 0.5556 	 0.0064 	 -0.0047 	 80.4773
  0.9259 	 0.5556 	 0.0059 	 -0.0069 	 91.5750
  0.0617 	 0.5926 	 -0.0024 	 -0.0085 	 88.4525
  0.1235 	 0.5926 	 -0.0048 	 -0.0063 	 80.5413
  0.1852 	 0.5926 	 -0.0058 	 -0.0043 	 74.1338
  0.2469 	 0.5926 	 -0.0063 	 -0.0023 	 72.5719
  0.3086 	 0.5926 	 -0.0065 	 0.0006 	 75.0341
  0.3704 	 0.5926 	 -0.0061 	 0.0042 	 83.5793
  0.4321 	 0.5926 	 -0.0045 	 0.0072 	 87.9627
  0.4938 	 0.5926 	 -0.0008 	 0.0087 	 85.9068
  0.5556 	 0.5926 	 0.0034 	 0.0083 	 90.2023
  0.6173 	 0.5926 	 0.0058 	 0.0061 	 90.5576
  0.6790 	 0.5926 	 0.0065 	 0.0028 	 80.0488
  0.7407 	 0.5926 	 0.0064 	 -0.0006 	 71.2785
  0.8025 	 0.5926 	 0.0059 	 -0.0029 	 69.0202
  0.8642 	 0.5926 	 0.0053 	 -0.0043 	 69.7543
  0.9259 	 0.5926 	 0.0043 	 -0.0061 	 75.7229
  0.0617 	 0.6296 	 -0.0018 	 -0.0066 	 68.3234
  0.1235 	 0.6296 	 -0.0039 	 -0.0053 	 66.2313
  0.1852 	 0.6296 	 -0.0052 	 -0.0036 	 63.8978
  0.2469 	 0.6296 	 -0.0064 	 -0.0016 	 64.4784
  0.3086 	 0.6296 	 -0.0074 	 0.0010 	 68.8570
  0.3704 	 0.6296 	 -0.0077 	 0.0038 	 76.1022
  0.4321 	 0.6296 	 -0.0056 	 0.0054 	 71.3698
  0.4938 	 0.6296 	 -0.0009 	 0.0057 	 57.8232
  0.5556 	 0.6296 	 0.0043 	 0.0057 	 67.1677
  0.6173 	 0.6296 	 0.0073 	 0.0050 	 79.0851
  0.6790 	 0.6296 	 0.0077 	 0.0027 	 73.7910
  0.7407 	 0.6296 	 0.0068 	 -0.0001 	 64.9963
  0.8025 	 0.6296 	 0.0057 	 -0.0023 	 61.2069
  0.8642 	 0.6296 	 0.0046 	 -0.0038 	 60.2237
  0.9259 	 0.6296 	 0.0034 	 -0.0052 	 62.5621
  0.0617 	 0.6667 	 -0.0013 	 -0.0052 	 53.0629
  0.1235 	 0.6667 	 -0.0031 	 -0.0044 	 53.7075
  0.1852 	 0.6667 	 -0.0042 	 -0.0031 	 53.2674
  0.2469 	 0.6667 	 -0.0047 	 -0.0014 	 53.4602
  0.3086 	 0.6667 	 -0.0047 	 0.0009 	 55.1808
  0.3704 	 0.6667 	 -0.0040 	 0.0033 	 59.4437
  0.4321 	 0.6667 	 -0.0026 	 0.0043 	 53.1879
  0.4938 	 0.6667 	 -0.0005 	 0.0041 	 37.4311
  0.5556 	 0.6667 	 0.0020 	 0.0042 	 46.7487
  0.6173 	 0.6667 	 0.0036 	 0.0041 	 61.0592
  0.6790 	 0.6667 	 0.0046 	 0.0025 	 59.5874
  0.7407 	 0.6667 	 0.0049 	 -0.0000 	 54.0444
  0.8025 	 0.6667 	 0.0045 	 -0.0019 	 51.9245
  0.8642 	 0.6667 	 0.0038 	 -0.0032 	 50.7639
  0.9259 	 0.6667 	 0.0027 	 -0.0044 	 51.1590
  0.0617 	 0.7037 	 -0.0010 	 -0.0040 	 41.0454
  0.1235 	 0.7037 	 -0.0026 	 -0.0035 	 43.1627
  0.1852 	 0.7037 	 -0.0037 	 -0.0024 	 44.6644
  0.2469 	 0.7037 	 -0.0043 	 -0.0010 	 45.8344
  0.3086 	 0.7037 	 -0.0044 	 0.0011 	 46.9248
  0.3704 	 0.7037 	 -0.0039 	 0.0030 	 49.8970
  0.4321 	 0.7037 	 -0.0026 	 0.0030 	 39.8566
  0.4938 	 0.7037 	 -0.0004 	 0.0020 	 18.8068
  0.5556 	 0.7037 	 0.0019 	 0.0024 	 30.8710
  0.6173 	 0.7037 	 0.0037 	 0.0034 	 49.7722
  0.6790 	 0.7037 	 0.0044 	 0.0024 	 50.8285
  0.7407 	 0.7037 	 0.0045 	 0.0003 	 47.0418
  0.8025 	 0.7037 	 0.0041 	 -0.0014 	 45.0235
  0.8642 	 0.7037 	 0.0033 	 -0.0026 	 42.5968
  0.9259 	 0.7037 	 0.0022 	 -0.0035 	 41.3483
  0.0617 	 0.7407 	 -0.0008 	 -0.0031 	 31.2979
  0.1235 	 0.7407 	 -0.0021 	 -0.0027 	 34.0357
  0.1852 	 0.7407 	 -0.0031 	 -0.0019 	 37.1519
  0.2469 	 0.7407 	 -0.0039 	 -0.0008 	 41.1656
  0.3086 	 0.7407 	 -0.0043 	 0.0008 	 45.1625
  0.3704 	 0.7407 	 -0.0040 	 0.0025 	 47.2617
  0.4321 	 0.7407 	 -0.0031 	 0.0024 	 34.4477
  0.4938 	 0.7407 	 -0.0006 	 0.0010 	 6.1972
  0.5556 	 0.7407 	 0.0025 	 0.0016 	 24.2395
  0.6173 	 0.7407 	 0.0039 	 0.0028 	 45.6478
  0.6790 	 0.7407 	 0.0044 	 0.0019 	 48.9638
  0.7407 	 0.7407 	 0.0042 	 0.0002 	 44.0504
  0.8025 	 0.7407 	 0.0036 	 -0.0011 	 39.2323
  0.8642 	 0.7407 	 0.0028 	 -0.0021 	 35.1489
  0.9259 	 0.7407 	 0.0018 	 -0.0028 	 32.8193
  0.0617 	 0.7778 	 -0.0007 	 -0.0024 	 23.2868
  0.1235 	 0.7778 	 -0.0018 	 -0.0021 	 26.1587
  0.1852 	 0.7778 	 -0.0026 	 -0.0014 	 30.2046
  0.2469 	 0.7778 	 -0.0030 	 -0.0004 	 34.5952
  0.3086 	 0.7778 	 -0.0026 	 0.0008 	 36.5963
  0.3704 	 0.7778 	 -0.0014 	 0.0021 	 36.0660
  0.4321 	 0.7778 	 -0.0003 	 0.0015 	 22.1086
  0.4938 	 0.7778 	 0.0001 	 -0.0001 	 9.1424
  0.5556 	 0.7778 	 0.0001 	 0.0005 	 14.6604
  0.6173 	 0.7778 	 0.0011 	 0.0021 	 33.5299
  0.6790 	 0.7778 	 0.0023 	 0.0017 	 39.4206
  0.7407 	 0.7778 	 0.0032 	 0.0003 	 37.5544
  0.8025 	 0.7778 	 0.0031 	 -0.0007 	 33.3651
  0.8642 	 0.7778 	 0.0024 	 -0.0015 	 28.4160
  0.9259 	 0.7778 	 0.0015 	 -0.0022 	 25.4088
  0.0617 	 0.8148 	 -0.0005 	 -0.0017 	 16.7361
  0.1235 	 0.8148 	 -0.0014 	 -0.0015 	 19.3114
  0.1852 	 0.8148 	 -0.0023 	 -0.0008 	 24.3871
  0.2469 	 0.8148 	 -0.0032 	 -0.0001 	 33.0865
  0.3086 	 0.8148 	 -0.0043 	 0.0010 	 43.3915
  0.3704 	 0.8148 	 -0.0049 	 0.0019 	 48.8835
  0.4321 	 0.8148 	 -0.0041 	 0.0009 	 35.4633
  0.4938 	 0.8148 	 -0.0007 	 -0.0016 	 26.7566
  0.5556 	 0.8148 	 0.0033 	 -0.0007 	 32.1248
  0.6173 	 0.8148 	 0.0050 	 0.0017 	 46.7217
  0.6790 	 0.8148 	 0.0047 	 0.0016 	 48.4885
  0.7407 	 0.8148 	 0.0038 	 0.0005 	 38.9745
  0.8025 	 0.8148 	 0.0028 	 -0.0003 	 29.1460
  0.8642 	 0.8148 	 0.0020 	 -0.0010 	 22.2991
  0.9259 	 0.8148 	 0.0012 	 -0.0016 	 19.0043
  0.0617 	 0.8519 	 -0.0004 	 -0.0012 	 11.5216
  0.1235 	 0.8519 	 -0.0011 	 -0.0009 	 13.3200
  0.1852 	 0.8519 	 -0.0018 	 -0.0004 	 18.2672
  0.2469 	 0.8519 	 -0.0024 	 0.0003 	 27.3622
  0.3086 	 0.8519 	 -0.0024 	 0.0010 	 38.6314
  0.3704 	 0.8519 	 -0.0018 	 0.0016 	 49.0960
  0.4321 	 0.8519 	 -0.0012 	 0.0002 	 46.7231
  0.4938 	 0.8519 	 -0.0002 	 -0.0025 	 52.6692
  0.5556 	 0.8519 	 0.0010 	 -0.0015 	 52.6618
  0.6173 	 0.8519 	 0.0017 	 0.0013 	 50.1277
  0.6790 	 0.8519 	 0.0024 	 0.0015 	 45.3435
  0.7407 	 0.8519 	 0.0027 	 0.0007 	 33.9386
  0.8025 	 0.8519 	 0.0023 	 0.0001 	 23.6757
  0.8642 	 0.8519 	 0.0017 	 -0.0006 	 16.5572
  0.9259 	 0.8519 	 0.0010 	 -0.0011 	 13.5677
  0.0617 	 0.8889 	 -0.0003 	 -0.0008 	 7.6035
  0.1235 	 0.8889 	 -0.0008 	 -0.0006 	 8.2424
  0.1852 	 0.8889 	 -0.0014 	 0.0001 	 12.6617
  0.2469 	 0.8889 	 -0.0022 	 0.0009 	 24.2806
  0.3086 	 0.8889 	 -0.0038 	 0.0019 	 44.1645
  0.3704 	 0.8889 	 -0.0058 	 0.0025 	 73.4411
  0.4321 	 0.8889 	 -0.0061 	 -0.0005 	 102.5424
  0.4938 	 0.8889 	 -0.0014 	 -0.0062 	 137.0300
  0.5556 	 0.8889 	 0.0052 	 -0.0040 	 124.3655
  0.6173 	 0.8889 	 0.0064 	 0.0015 	 83.6592
  0.6790 	 0.8889 	 0.0046 	 0.0024 	 56.9033
  0.7407 	 0.8889 	 0.0029 	 0.0015 	 33.7200
  0.8025 	 0.8889 	 0.0018 	 0.0006 	 19.0835
  0.8642 	 0.8889 	 0.0013 	 -0.0002 	 11.4047
  0.9259 	 0.8889 	 0.0008 	 -0.0007 	 9.2195
  0.0617 	 0.9259 	 -0.0002 	 -0.0005 	 4.8746
  0.1235 	 0.9259 	 -0.0005 	 -0.0003 	 4.3159
  0.1852 	 0.9259 	 -0.0008 	 0.0003 	 7.4611
  0.2469 	 0.9259 	 -0.0012 	 0.0013 	 19.5268
  0.3086 	 0.9259 	 -0.0022 	 0.0025 	 39.8536
  0.3704 	 0.9259 	 -0.0044 	 0.0038 	 80.0674
  0.4321 	 0.9259 	 -0.0104 	 0.0020 	 205.0881
  0.4938 	 0.9259 	 -0.0051 	 -0.0145 	 424.8506
  0.5556 	 0.9259 	 0.0124 	 -0.0050 	 281.0517
  0.6173 	 0.9259 	 0.0062 	 0.0037 	 114.9902
  0.6790 	 0.9259 	 0.0030 	 0.0033 	 57.2282
  0.7407 	 0.9259 	 0.0017 	 0.0020 	 29.9939
  0.8025 	 0.9259 	 0.0011 	 0.0009 	 14.3092
  0.8642 	 0.9259 	 0.0009 	 0.0000 	 7.0147
  0.9259 	 0.9259 	 0.0006 	 -0.0005 	 6.1440
  0.0617 	 0.9630 	 -0.0002 	 -0.0003 	 3.0435
  0.1235 	 0.9630 	 -0.0004 	 -0.0002 	 2.3351
  0.1852 	 0.9630 	 -0.0002 	 0.0003 	 4.3368
  0.2469 	 0.9630 	 0.0003 	 0.0016 	 19.2877
  0.3086 	 0.9630 	 -0.0002 	 0.0038 	 42.4867
  0.3704 	 0.9630 	 -0.0030 	 0.0068 	 82.9968
  0.4321 	 0.9630 	 -0.0079 	 0.0064 	 200.0487
  0.4938 	 0.9630 	 -0.0030 	 -0.0286 	 630.2492
  0.5556 	 0.9630 	 0.0087 	 -0.0065 	 60.8325
  0.6173 	 0.9630 	 0.0050 	 0.0080 	 136.3199
  0.6790 	 0.9630 	 0.0010 	 0.0055 	 60.9123
  0.7407 	 0.9630 	 -0.0001 	 0.0027 	 30.4003
  0.8025 	 0.9630 	 0.0002 	 0.0009 	 10.4115
  0.8642 	 0.9630 	 0.0006 	 0.0000 	 3.8338
  0.9259 	 0.9630 	 0.0005 	 -0.0003 	 4.6073
 