 x 	 y 	 u 	 v 	 m 
  0.0617 	 0.0370 	 0.0001 	 -0.0000 	 0.8437
  0.1235 	 0.0370 	 -0.0001 	 0.0000 	 0.4609
  0.1852 	 0.0370 	 -0.0003 	 0.0002 	 1.7619
  0.2469 	 0.0370 	 -0.0011 	 0.0006 	 4.7727
  0.3086 	 0.0370 	 -0.0020 	 0.0009 	 9.4417
  0.3704 	 0.0370 	 -0.0024 	 0.0002 	 12.8576
  0.4321 	 0.0370 	 -0.0019 	 -0.0018 	 10.3101
  0.4938 	 0.0370 	 -0.0005 	 -0.0035 	 4.0726
  0.5556 	 0.0370 	 0.0012 	 -0.0029 	 9.5839
  0.6173 	 0.0370 	 0.0024 	 -0.0007 	 11.9874
  0.6790 	 0.0370 	 0.0025 	 0.0008 	 9.4031
  0.7407 	 0.0370 	 0.0015 	 0.0009 	 5.6750
  0.8025 	 0.0370 	 0.0006 	 0.0004 	 2.8001
  0.8642 	 0.0370 	 0.0001 	 0.0001 	 1.1697
  0.9259 	 0.0370 	 -0.0000 	 0.0000 	 0.4596
  0.0617 	 0.0741 	 0.0001 	 0.0000 	 0.4076
  0.1235 	 0.0741 	 0.0002 	 -0.0000 	 1.3240
  0.1852 	 0.0741 	 0.0006 	 -0.0000 	 3.9765
  0.2469 	 0.0741 	 0.0011 	 -0.0000 	 8.4999
  0.3086 	 0.0741 	 0.0010 	 -0.0001 	 12.3467
  0.3704 	 0.0741 	 0.0002 	 -0.0005 	 11.9549
  0.4321 	 0.0741 	 -0.0005 	 -0.0013 	 6.7813
  0.4938 	 0.0741 	 -0.0003 	 -0.0018 	 1.2414
  0.5556 	 0.0741 	 0.0003 	 -0.0016 	 6.1473
  0.6173 	 0.0741 	 0.0001 	 -0.0007 	 9.8838
  0.6790 	 0.0741 	 -0.0006 	 -0.0001 	 11.0508
  0.7407 	 0.0741 	 -0.0010 	 0.0001 	 9.1376
  0.8025 	 0.0741 	 -0.0007 	 0.0000 	 5.3812
  0.8642 	 0.0741 	 -0.0003 	 -0.0000 	 2.3105
  0.9259 	 0.0741 	 -0.0001 	 -0.0000 	 0.8221
  0.0617 	 0.1111 	 0.0001 	 -0.0000 	 0.4469
  0.1235 	 0.1111 	 0.0004 	 -0.0000 	 2.2022
  0.1852 	 0.1111 	 0.0013 	 -0.0001 	 7.6775
  0.2469 	 0.1111 	 0.0036 	 -0.0003 	 19.5907
  0.3086 	 0.1111 	 0.0072 	 -0.0006 	 35.9423
  0.3704 	 0.1111 	 0.0097 	 -0.0008 	 45.5923
  0.4321 	 0.1111 	 0.0078 	 -0.0006 	 35.1258
  0.4938 	 0.1111 	 0.0012 	 -0.0003 	 7.2542
  0.5556 	 0.1111 	 -0.0062 	 -0.0004 	 28.7296
  0.6173 	 0.1111 	 -0.0096 	 -0.0006 	 43.9967
  0.6790 	 0.1111 	 -0.0082 	 -0.0007 	 38.8521
  0.7407 	 0.1111 	 -0.0047 	 -0.0004 	 23.9616
  0.8025 	 0.1111 	 -0.0019 	 -0.0002 	 10.8630
  0.8642 	 0.1111 	 -0.0006 	 -0.0000 	 3.7732
  0.9259 	 0.1111 	 -0.0002 	 -0.0000 	 1.0868
  0.0617 	 0.1481 	 0.0000 	 -0.0000 	 0.3638
  0.1235 	 0.1481 	 0.0002 	 0.0000 	 1.8533
  0.1852 	 0.1481 	 0.0007 	 0.0000 	 6.9679
  0.2469 	 0.1481 	 0.0024 	 -0.0000 	 19.4755
  0.3086 	 0.1481 	 0.0054 	 -0.0002 	 39.5745
  0.3704 	 0.1481 	 0.0082 	 -0.0004 	 54.6393
  0.4321 	 0.1481 	 0.0072 	 -0.0006 	 44.9927
  0.4938 	 0.1481 	 0.0011 	 -0.0006 	 7.4281
  0.5556 	 0.1481 	 -0.0057 	 -0.0006 	 36.2550
  0.6173 	 0.1481 	 -0.0084 	 -0.0005 	 54.1782
  0.6790 	 0.1481 	 -0.0065 	 -0.0003 	 44.4769
  0.7407 	 0.1481 	 -0.0032 	 -0.0001 	 24.7558
  0.8025 	 0.1481 	 -0.0011 	 0.0000 	 10.2250
  0.8642 	 0.1481 	 -0.0003 	 0.0000 	 3.3211
  0.9259 	 0.1481 	 -0.0001 	 0.0000 	 0.9092
  0.0617 	 0.1852 	 -0.0000 	 -0.0000 	 0.1981
  0.1235 	 0.1852 	 -0.0000 	 0.0000 	 0.9531
  0.1852 	 0.1852 	 -0.0001 	 0.0001 	 3.4320
  0.2469 	 0.1852 	 -0.0004 	 0.0002 	 9.1690
  0.3086 	 0.1852 	 -0.0010 	 0.0003 	 17.6964
  0.3704 	 0.1852 	 -0.0014 	 0.0000 	 23.6343
  0.4321 	 0.1852 	 -0.0013 	 -0.0006 	 18.7182
  0.4938 	 0.1852 	 -0.0003 	 -0.0011 	 1.9261
  0.5556 	 0.1852 	 0.0009 	 -0.0009 	 15.7458
  0.6173 	 0.1852 	 0.0016 	 -0.0003 	 22.7011
  0.6790 	 0.1852 	 0.0014 	 0.0002 	 18.6860
  0.7407 	 0.1852 	 0.0007 	 0.0003 	 10.9369
  0.8025 	 0.1852 	 0.0002 	 0.0002 	 5.0473
  0.8642 	 0.1852 	 0.0000 	 0.0001 	 1.8822
  0.9259 	 0.1852 	 -0.0000 	 0.0000 	 0.5902
  0.0617 	 0.2222 	 0.0000 	 -0.0000 	 0.2177
  0.1235 	 0.2222 	 0.0000 	 -0.0000 	 0.8939
  0.1852 	 0.2222 	 0.0000 	 -0.0000 	 2.6698
  0.2469 	 0.2222 	 -0.0004 	 0.0000 	 5.3483
  0.3086 	 0.2222 	 -0.0017 	 0.0000 	 6.6522
  0.3704 	 0.2222 	 -0.0034 	 0.0001 	 4.5995
  0.4321 	 0.2222 	 -0.0035 	 -0.0001 	 0.7500
  0.4938 	 0.2222 	 -0.0008 	 -0.0002 	 1.3291
  0.5556 	 0.2222 	 0.0026 	 -0.0002 	 1.7593
  0.6173 	 0.2222 	 0.0038 	 -0.0000 	 2.5852
  0.6790 	 0.2222 	 0.0025 	 0.0001 	 4.4688
  0.7407 	 0.2222 	 0.0009 	 0.0000 	 5.0351
  0.8025 	 0.2222 	 0.0001 	 -0.0000 	 3.5540
  0.8642 	 0.2222 	 -0.0001 	 -0.0000 	 1.6891
  0.9259 	 0.2222 	 -0.0000 	 -0.0000 	 0.5998
  0.0617 	 0.2593 	 0.0001 	 -0.0000 	 0.4123
  0.1235 	 0.2593 	 0.0003 	 -0.0000 	 1.8244
  0.1852 	 0.2593 	 0.0010 	 -0.0001 	 6.0370
  0.2469 	 0.2593 	 0.0026 	 -0.0003 	 14.6304
  0.3086 	 0.2593 	 0.0048 	 -0.0004 	 25.5378
  0.3704 	 0.2593 	 0.0062 	 -0.0000 	 31.0611
  0.4321 	 0.2593 	 0.0049 	 0.0009 	 23.3501
  0.4938 	 0.2593 	 0.0007 	 0.0016 	 9.2054
  0.5556 	 0.2593 	 -0.0039 	 0.0015 	 20.6900
  0.6173 	 0.2593 	 -0.0061 	 0.0007 	 29.7778
  0.6790 	 0.2593 	 -0.0053 	 -0.0001 	 26.6946
  0.7407 	 0.2593 	 -0.0032 	 -0.0002 	 17.2933
  0.8025 	 0.2593 	 -0.0014 	 -0.0002 	 8.3708
  0.8642 	 0.2593 	 -0.0005 	 -0.0001 	 3.1658
  0.9259 	 0.2593 	 -0.0001 	 -0.0000 	 0.9405
  0.0617 	 0.2963 	 0.0001 	 -0.0000 	 0.5210
  0.1235 	 0.2963 	 0.0003 	 -0.0000 	 2.3760
  0.1852 	 0.2963 	 0.0012 	 0.0000 	 8.3551
  0.2469 	 0.2963 	 0.0035 	 0.0002 	 22.3614
  0.3086 	 0.2963 	 0.0072 	 0.0008 	 44.2731
  0.3704 	 0.2963 	 0.0105 	 0.0022 	 63.3102
  0.4321 	 0.2963 	 0.0089 	 0.0045 	 64.8858
  0.4938 	 0.2963 	 0.0016 	 0.0064 	 60.2961
  0.5556 	 0.2963 	 -0.0069 	 0.0064 	 71.0869
  0.6173 	 0.2963 	 -0.0105 	 0.0047 	 74.3489
  0.6790 	 0.2963 	 -0.0085 	 0.0026 	 56.4025
  0.7407 	 0.2963 	 -0.0046 	 0.0012 	 31.6375
  0.8025 	 0.2963 	 -0.0019 	 0.0004 	 13.5727
  0.8642 	 0.2963 	 -0.0006 	 0.0001 	 4.6257
  0.9259 	 0.2963 	 -0.0002 	 0.0000 	 1.2705
  0.0617 	 0.3333 	 0.0000 	 -0.0000 	 0.4993
  0.1235 	 0.3333 	 0.0002 	 0.0001 	 2.5485
  0.1852 	 0.3333 	 0.0006 	 0.0006 	 9.7366
  0.2469 	 0.3333 	 0.0015 	 0.0021 	 29.0687
  0.3086 	 0.3333 	 0.0030 	 0.0056 	 68.4548
  0.3704 	 0.3333 	 0.0042 	 0.0116 	 128.4323
  0.4321 	 0.3333 	 0.0037 	 0.0186 	 194.6722
  0.4938 	 0.3333 	 0.0010 	 0.0233 	 238.5032
  0.5556 	 0.3333 	 -0.0023 	 0.0228 	 234.9461
  0.6173 	 0.3333 	 -0.0041 	 0.0175 	 184.7556
  0.6790 	 0.3333 	 -0.0037 	 0.0105 	 115.5282
  0.7407 	 0.3333 	 -0.0024 	 0.0050 	 57.6000
  0.8025 	 0.3333 	 -0.0011 	 0.0019 	 22.9691
  0.8642 	 0.3333 	 -0.0004 	 0.0006 	 7.4316
  0.9259 	 0.3333 	 -0.0001 	 0.0001 	 1.9484
  0.0617 	 0.3704 	 0.0001 	 0.0000 	 0.8612
  0.1235 	 0.3704 	 0.0002 	 0.0003 	 4.6029
  0.1852 	 0.3704 	 0.0008 	 0.0014 	 18.4668
  0.2469 	 0.3704 	 0.0018 	 0.0048 	 58.3194
  0.3086 	 0.3704 	 0.0031 	 0.0132 	 146.4241
  0.3704 	 0.3704 	 0.0038 	 0.0276 	 290.9561
  0.4321 	 0.3704 	 0.0032 	 0.0444 	 454.7188
  0.4938 	 0.3704 	 0.0012 	 0.0547 	 554.0720
  0.5556 	 0.3704 	 -0.0014 	 0.0517 	 524.6942
  0.6173 	 0.3704 	 -0.0033 	 0.0374 	 386.3473
  0.6790 	 0.3704 	 -0.0039 	 0.0208 	 223.3593
  0.7407 	 0.3704 	 -0.0030 	 0.0089 	 102.6048
  0.8025 	 0.3704 	 -0.0016 	 0.0030 	 38.1662
  0.8642 	 0.3704 	 -0.0006 	 0.0008 	 11.6665
  0.9259 	 0.3704 	 -0.0002 	 0.0002 	 2.9957
  0.0617 	 0.4074 	 0.0002 	 -0.0001 	 2.2418
  0.1235 	 0.4074 	 0.0008 	 0.0002 	 7.9666
  0.1852 	 0.4074 	 0.0028 	 0.0012 	 30.7215
  0.2469 	 0.4074 	 0.0079 	 0.0051 	 94.9031
  0.3086 	 0.4074 	 0.0163 	 0.0165 	 233.4333
  0.3704 	 0.4074 	 0.0231 	 0.0392 	 457.2495
  0.4321 	 0.4074 	 0.0198 	 0.0679 	 708.9489
  0.4938 	 0.4074 	 0.0041 	 0.0858 	 859.3064
  0.5556 	 0.4074 	 -0.0145 	 0.0789 	 803.6195
  0.6173 	 0.4074 	 -0.0231 	 0.0528 	 578.2039
  0.6790 	 0.4074 	 -0.0196 	 0.0254 	 322.8189
  0.7407 	 0.4074 	 -0.0112 	 0.0086 	 142.4309
  0.8025 	 0.4074 	 -0.0047 	 0.0020 	 51.2176
  0.8642 	 0.4074 	 -0.0015 	 0.0003 	 15.3136
  0.9259 	 0.4074 	 -0.0004 	 -0.0000 	 4.0928
  0.0617 	 0.4444 	 0.0003 	 0.0005 	 5.3702
  0.1235 	 0.4444 	 0.0003 	 -0.0001 	 3.0019
  0.1852 	 0.4444 	 0.0010 	 -0.0000 	 7.9954
  0.2469 	 0.4444 	 0.0025 	 0.0023 	 29.3475
  0.3086 	 0.4444 	 0.0045 	 0.0125 	 129.7331
  0.3704 	 0.4444 	 0.0057 	 0.0375 	 380.0497
  0.4321 	 0.4444 	 0.0045 	 0.0725 	 731.6665
  0.4938 	 0.4444 	 0.0007 	 0.0957 	 965.1819
  0.5556 	 0.4444 	 -0.0034 	 0.0868 	 875.8731
  0.6173 	 0.4444 	 -0.0056 	 0.0538 	 543.5066
  0.6790 	 0.4444 	 -0.0050 	 0.0216 	 219.4121
  0.7407 	 0.4444 	 -0.0031 	 0.0045 	 50.5150
  0.8025 	 0.4444 	 -0.0015 	 -0.0002 	 11.8594
  0.8642 	 0.4444 	 -0.0006 	 -0.0006 	 7.2959
  0.9259 	 0.4444 	 -0.0002 	 -0.0002 	 2.7088
  0.0617 	 0.4815 	 -0.0002 	 -0.0000 	 1.9800
  0.1235 	 0.4815 	 -0.0005 	 0.0002 	 4.8348
  0.1852 	 0.4815 	 -0.0019 	 0.0009 	 20.6237
  0.2469 	 0.4815 	 -0.0056 	 0.0039 	 68.9202
  0.3086 	 0.4815 	 -0.0123 	 0.0126 	 176.9120
  0.3704 	 0.4815 	 -0.0182 	 0.0295 	 349.4688
  0.4321 	 0.4815 	 -0.0162 	 0.0508 	 536.6385
  0.4938 	 0.4815 	 -0.0035 	 0.0641 	 646.5042
  0.5556 	 0.4815 	 0.0117 	 0.0593 	 608.9390
  0.6173 	 0.4815 	 0.0186 	 0.0402 	 445.7368
  0.6790 	 0.4815 	 0.0153 	 0.0197 	 251.1054
  0.7407 	 0.4815 	 0.0083 	 0.0068 	 108.0895
  0.8025 	 0.4815 	 0.0032 	 0.0016 	 35.7170
  0.8642 	 0.4815 	 0.0009 	 0.0002 	 9.1423
  0.9259 	 0.4815 	 0.0002 	 -0.0000 	 1.8865
  0.0617 	 0.5185 	 -0.0001 	 -0.0000 	 0.8687
  0.1235 	 0.5185 	 -0.0002 	 0.0001 	 2.8296
  0.1852 	 0.5185 	 -0.0009 	 0.0008 	 11.7647
  0.2469 	 0.5185 	 -0.0025 	 0.0028 	 38.6408
  0.3086 	 0.5185 	 -0.0054 	 0.0081 	 98.2832
  0.3704 	 0.5185 	 -0.0079 	 0.0176 	 194.2274
  0.4321 	 0.5185 	 -0.0072 	 0.0289 	 299.7533
  0.4938 	 0.5185 	 -0.0020 	 0.0361 	 363.4199
  0.5556 	 0.5185 	 0.0045 	 0.0341 	 345.6965
  0.6173 	 0.5185 	 0.0079 	 0.0244 	 258.0251
  0.6790 	 0.5185 	 0.0070 	 0.0132 	 150.9125
  0.7407 	 0.5185 	 0.0042 	 0.0054 	 69.0778
  0.8025 	 0.5185 	 0.0018 	 0.0017 	 24.8419
  0.8642 	 0.5185 	 0.0006 	 0.0004 	 7.0318
  0.9259 	 0.5185 	 0.0001 	 0.0001 	 1.6576
  0.0617 	 0.5556 	 -0.0000 	 -0.0000 	 0.1749
  0.1235 	 0.5556 	 -0.0000 	 0.0001 	 0.9181
  0.1852 	 0.5556 	 -0.0001 	 0.0004 	 4.5073
  0.2469 	 0.5556 	 -0.0005 	 0.0015 	 15.7964
  0.3086 	 0.5556 	 -0.0012 	 0.0040 	 42.3881
  0.3704 	 0.5556 	 -0.0021 	 0.0084 	 87.6938
  0.4321 	 0.5556 	 -0.0021 	 0.0137 	 140.2401
  0.4938 	 0.5556 	 -0.0009 	 0.0173 	 174.0947
  0.5556 	 0.5556 	 0.0009 	 0.0167 	 168.1148
  0.6173 	 0.5556 	 0.0020 	 0.0124 	 126.9127
  0.6790 	 0.5556 	 0.0020 	 0.0072 	 75.3393
  0.7407 	 0.5556 	 0.0013 	 0.0032 	 35.3707
  0.8025 	 0.5556 	 0.0006 	 0.0011 	 13.2536
  0.8642 	 0.5556 	 0.0002 	 0.0003 	 3.9412
  0.9259 	 0.5556 	 0.0001 	 0.0001 	 0.9251
  0.0617 	 0.5926 	 -0.0000 	 -0.0000 	 0.1138
  0.1235 	 0.5926 	 0.0000 	 0.0000 	 0.4593
  0.1852 	 0.5926 	 0.0000 	 0.0002 	 1.8920
  0.2469 	 0.5926 	 0.0000 	 0.0006 	 5.8753
  0.3086 	 0.5926 	 -0.0001 	 0.0016 	 15.6997
  0.3704 	 0.5926 	 -0.0004 	 0.0034 	 33.8645
  0.4321 	 0.5926 	 -0.0006 	 0.0056 	 56.5776
  0.4938 	 0.5926 	 -0.0005 	 0.0072 	 72.5352
  0.5556 	 0.5926 	 -0.0000 	 0.0071 	 71.6035
  0.6173 	 0.5926 	 0.0004 	 0.0054 	 54.8302
  0.6790 	 0.5926 	 0.0005 	 0.0033 	 33.0075
  0.7407 	 0.5926 	 0.0004 	 0.0016 	 15.8377
  0.8025 	 0.5926 	 0.0002 	 0.0006 	 6.1526
  0.8642 	 0.5926 	 0.0001 	 0.0002 	 1.9322
  0.9259 	 0.5926 	 0.0000 	 0.0000 	 0.4457
  0.0617 	 0.6296 	 0.0000 	 -0.0000 	 0.3172
  0.1235 	 0.6296 	 0.0001 	 -0.0000 	 1.1131
  0.1852 	 0.6296 	 0.0004 	 0.0000 	 3.0023
  0.2469 	 0.6296 	 0.0008 	 0.0001 	 6.2349
  0.3086 	 0.6296 	 0.0012 	 0.0004 	 10.3424
  0.3704 	 0.6296 	 0.0013 	 0.0011 	 15.1171
  0.4321 	 0.6296 	 0.0009 	 0.0021 	 21.6764
  0.4938 	 0.6296 	 -0.0000 	 0.0028 	 27.8154
  0.5556 	 0.6296 	 -0.0009 	 0.0028 	 28.9303
  0.6173 	 0.6296 	 -0.0013 	 0.0021 	 23.4924
  0.6790 	 0.6296 	 -0.0011 	 0.0012 	 15.1432
  0.7407 	 0.6296 	 -0.0007 	 0.0006 	 8.1064
  0.8025 	 0.6296 	 -0.0004 	 0.0002 	 3.6535
  0.8642 	 0.6296 	 -0.0002 	 0.0001 	 1.3872
  0.9259 	 0.6296 	 -0.0001 	 0.0000 	 0.4193
  0.0617 	 0.6667 	 0.0000 	 -0.0000 	 0.2716
  0.1235 	 0.6667 	 0.0001 	 -0.0000 	 1.0485
  0.1852 	 0.6667 	 0.0002 	 -0.0000 	 3.0300
  0.2469 	 0.6667 	 0.0005 	 -0.0000 	 6.5309
  0.3086 	 0.6667 	 0.0008 	 0.0001 	 10.4249
  0.3704 	 0.6667 	 0.0009 	 0.0003 	 12.0734
  0.4321 	 0.6667 	 0.0006 	 0.0007 	 10.5847
  0.4938 	 0.6667 	 -0.0000 	 0.0010 	 10.2137
  0.5556 	 0.6667 	 -0.0006 	 0.0010 	 12.6934
  0.6173 	 0.6667 	 -0.0009 	 0.0007 	 13.3239
  0.6790 	 0.6667 	 -0.0008 	 0.0004 	 10.9140
  0.7407 	 0.6667 	 -0.0005 	 0.0002 	 7.0341
  0.8025 	 0.6667 	 -0.0003 	 0.0001 	 3.5913
  0.8642 	 0.6667 	 -0.0001 	 0.0000 	 1.4561
  0.9259 	 0.6667 	 -0.0000 	 0.0000 	 0.4697
  0.0617 	 0.7037 	 0.0000 	 -0.0000 	 0.3504
  0.1235 	 0.7037 	 0.0001 	 -0.0000 	 1.2964
  0.1852 	 0.7037 	 0.0004 	 -0.0001 	 3.4586
  0.2469 	 0.7037 	 0.0008 	 -0.0001 	 7.0400
  0.3086 	 0.7037 	 0.0012 	 -0.0001 	 10.8258
  0.3704 	 0.7037 	 0.0014 	 0.0000 	 12.1522
  0.4321 	 0.7037 	 0.0010 	 0.0003 	 9.1275
  0.4938 	 0.7037 	 0.0001 	 0.0005 	 4.9053
  0.5556 	 0.7037 	 -0.0008 	 0.0005 	 8.6944
  0.6173 	 0.7037 	 -0.0013 	 0.0003 	 11.8814
  0.6790 	 0.7037 	 -0.0012 	 0.0000 	 11.0541
  0.7407 	 0.7037 	 -0.0009 	 -0.0000 	 7.7291
  0.8025 	 0.7037 	 -0.0005 	 -0.0000 	 4.2167
  0.8642 	 0.7037 	 -0.0002 	 -0.0000 	 1.8386
  0.9259 	 0.7037 	 -0.0001 	 -0.0000 	 0.6440
  0.0617 	 0.7407 	 0.0000 	 -0.0000 	 0.4076
  0.1235 	 0.7407 	 0.0001 	 -0.0000 	 1.4180
  0.1852 	 0.7407 	 0.0004 	 -0.0000 	 3.7512
  0.2469 	 0.7407 	 0.0008 	 -0.0001 	 7.7475
  0.3086 	 0.7407 	 0.0012 	 -0.0001 	 12.1916
  0.3704 	 0.7407 	 0.0014 	 -0.0000 	 13.8052
  0.4321 	 0.7407 	 0.0010 	 0.0001 	 10.0331
  0.4938 	 0.7407 	 0.0001 	 0.0003 	 3.2265
  0.5556 	 0.7407 	 -0.0008 	 0.0002 	 8.5254
  0.6173 	 0.7407 	 -0.0013 	 0.0001 	 13.0320
  0.6790 	 0.7407 	 -0.0012 	 -0.0001 	 12.5783
  0.7407 	 0.7407 	 -0.0009 	 -0.0001 	 8.8632
  0.8025 	 0.7407 	 -0.0005 	 -0.0000 	 4.8244
  0.8642 	 0.7407 	 -0.0002 	 -0.0000 	 2.1107
  0.9259 	 0.7407 	 -0.0001 	 -0.0000 	 0.7577
  0.0617 	 0.7778 	 0.0000 	 -0.0000 	 0.3421
  0.1235 	 0.7778 	 0.0001 	 -0.0000 	 1.2957
  0.1852 	 0.7778 	 0.0003 	 -0.0001 	 3.4063
  0.2469 	 0.7778 	 0.0006 	 -0.0001 	 6.7819
  0.3086 	 0.7778 	 0.0009 	 -0.0001 	 10.0260
  0.3704 	 0.7778 	 0.0010 	 -0.0001 	 10.8355
  0.4321 	 0.7778 	 0.0007 	 0.0001 	 7.6431
  0.4938 	 0.7778 	 0.0001 	 0.0003 	 2.6856
  0.5556 	 0.7778 	 -0.0006 	 0.0002 	 6.6307
  0.6173 	 0.7778 	 -0.0009 	 0.0001 	 10.2176
  0.6790 	 0.7778 	 -0.0009 	 -0.0001 	 10.1076
  0.7407 	 0.7778 	 -0.0007 	 -0.0001 	 7.4704
  0.8025 	 0.7778 	 -0.0004 	 -0.0001 	 4.2464
  0.8642 	 0.7778 	 -0.0002 	 -0.0000 	 1.9088
  0.9259 	 0.7778 	 -0.0001 	 -0.0000 	 0.6917
  0.0617 	 0.8148 	 0.0001 	 -0.0000 	 0.5232
  0.1235 	 0.8148 	 0.0002 	 -0.0000 	 1.6922
  0.1852 	 0.8148 	 0.0005 	 -0.0001 	 4.1531
  0.2469 	 0.8148 	 0.0009 	 -0.0001 	 8.0784
  0.3086 	 0.8148 	 0.0014 	 -0.0001 	 12.2979
  0.3704 	 0.8148 	 0.0016 	 -0.0001 	 13.7740
  0.4321 	 0.8148 	 0.0012 	 0.0001 	 10.0450
  0.4938 	 0.8148 	 0.0002 	 0.0003 	 3.0367
  0.5556 	 0.8148 	 -0.0009 	 0.0002 	 8.2360
  0.6173 	 0.8148 	 -0.0015 	 0.0000 	 12.9990
  0.6790 	 0.8148 	 -0.0015 	 -0.0001 	 12.8298
  0.7407 	 0.8148 	 -0.0011 	 -0.0001 	 9.3023
  0.8025 	 0.8148 	 -0.0006 	 -0.0001 	 5.2830
  0.8642 	 0.8148 	 -0.0003 	 -0.0000 	 2.4358
  0.9259 	 0.8148 	 -0.0001 	 -0.0000 	 0.9289
  0.0617 	 0.8519 	 0.0000 	 -0.0000 	 0.3995
  0.1235 	 0.8519 	 0.0001 	 -0.0000 	 1.4222
  0.1852 	 0.8519 	 0.0003 	 -0.0001 	 3.5864
  0.2469 	 0.8519 	 0.0005 	 -0.0001 	 6.9331
  0.3086 	 0.8519 	 0.0008 	 -0.0001 	 9.9828
  0.3704 	 0.8519 	 0.0008 	 -0.0001 	 10.5481
  0.4321 	 0.8519 	 0.0005 	 0.0001 	 7.2680
  0.4938 	 0.8519 	 0.0000 	 0.0002 	 2.4394
  0.5556 	 0.8519 	 -0.0004 	 0.0002 	 6.2349
  0.6173 	 0.8519 	 -0.0007 	 0.0000 	 9.8479
  0.6790 	 0.8519 	 -0.0007 	 -0.0001 	 9.9800
  0.7407 	 0.8519 	 -0.0006 	 -0.0001 	 7.5963
  0.8025 	 0.8519 	 -0.0003 	 -0.0001 	 4.4655
  0.8642 	 0.8519 	 -0.0002 	 -0.0000 	 2.0766
  0.9259 	 0.8519 	 -0.0001 	 -0.0000 	 0.7884
  0.0617 	 0.8889 	 0.0001 	 -0.0000 	 0.5630
  0.1235 	 0.8889 	 0.0002 	 -0.0000 	 1.8061
  0.1852 	 0.8889 	 0.0005 	 -0.0001 	 4.1886
  0.2469 	 0.8889 	 0.0009 	 -0.0001 	 7.6218
  0.3086 	 0.8889 	 0.0013 	 -0.0001 	 10.9889
  0.3704 	 0.8889 	 0.0014 	 -0.0001 	 11.9193
  0.4321 	 0.8889 	 0.0010 	 0.0001 	 8.5801
  0.4938 	 0.8889 	 0.0001 	 0.0003 	 2.9201
  0.5556 	 0.8889 	 -0.0008 	 0.0002 	 7.0989
  0.6173 	 0.8889 	 -0.0014 	 0.0000 	 11.2670
  0.6790 	 0.8889 	 -0.0014 	 -0.0001 	 11.3686
  0.7407 	 0.8889 	 -0.0010 	 -0.0002 	 8.5728
  0.8025 	 0.8889 	 -0.0006 	 -0.0001 	 5.1370
  0.8642 	 0.8889 	 -0.0003 	 -0.0001 	 2.5023
  0.9259 	 0.8889 	 -0.0001 	 -0.0000 	 0.9924
  0.0617 	 0.9259 	 0.0000 	 -0.0000 	 0.5434
  0.1235 	 0.9259 	 0.0002 	 -0.0000 	 1.7402
  0.1852 	 0.9259 	 0.0004 	 -0.0000 	 4.0901
  0.2469 	 0.9259 	 0.0007 	 -0.0001 	 7.5917
  0.3086 	 0.9259 	 0.0009 	 -0.0001 	 10.7544
  0.3704 	 0.9259 	 0.0009 	 -0.0001 	 11.2330
  0.4321 	 0.9259 	 0.0006 	 0.0000 	 7.6387
  0.4938 	 0.9259 	 0.0001 	 0.0001 	 2.0285
  0.5556 	 0.9259 	 -0.0005 	 0.0000 	 6.3278
  0.6173 	 0.9259 	 -0.0009 	 -0.0000 	 10.3955
  0.6790 	 0.9259 	 -0.0009 	 -0.0001 	 10.7777
  0.7407 	 0.9259 	 -0.0007 	 -0.0001 	 8.3432
  0.8025 	 0.9259 	 -0.0004 	 -0.0001 	 5.0539
  0.8642 	 0.9259 	 -0.0002 	 -0.0000 	 2.4630
  0.9259 	 0.9259 	 -0.0001 	 -0.0000 	 0.9977
  0.0617 	 0.9630 	 0.0001 	 0.0000 	 0.5922
  0.1235 	 0.9630 	 0.0002 	 -0.0000 	 1.9077
  0.1852 	 0.9630 	 0.0004 	 -0.0000 	 4.1587
  0.2469 	 0.9630 	 0.0007 	 -0.0000 	 7.0160
  0.3086 	 0.9630 	 0.0010 	 -0.0001 	 9.3706
  0.3704 	 0.9630 	 0.0010 	 -0.0001 	 9.5399
  0.4321 	 0.9630 	 0.0007 	 -0.0000 	 6.4096
  0.4938 	 0.9630 	 0.0001 	 0.0000 	 0.8948
  0.5556 	 0.9630 	 -0.0006 	 -0.0000 	 5.2927
  0.6173 	 0.9630 	 -0.0009 	 -0.0001 	 8.9184
  0.6790 	 0.9630 	 -0.0010 	 -0.0001 	 9.3458
  0.7407 	 0.9630 	 -0.0008 	 -0.0001 	 7.4563
  0.8025 	 0.9630 	 -0.0005 	 -0.0000 	 4.8189
  0.8642 	 0.9630 	 -0.0003 	 0.0000 	 2.5651
  0.9259 	 0.9630 	 -0.0001 	 0.0000 	 1.0980
 